# m  |         E [GHz]
  -51.0  -1.60465665489506366E-02
  -50.0  -2.66208307354576845E-01
  -50.0   2.32827352979936036E-01
  -49.0  -5.16352783684212668E-01
  -49.0  -1.73258253647916687E-02
  -49.0   4.81718216963184565E-01
  -48.0  -7.66479981906372565E-01
  -48.0  -2.67461730075229498E-01
  -48.0   2.31573625610124539E-01
  -48.0   7.30626072660350512E-01
  -47.0  -1.01658988033147568E+00
  -47.0  -5.17580337256640988E-01
  -47.0  -1.85536844126430595E-02
  -47.0   4.80490091755073345E-01
  -47.0   9.79550974667563246E-01
  -46.0  -1.26668245292444825E+00
  -46.0  -7.67681623335917496E-01
  -46.0  -2.68663682718466301E-01
  -46.0   2.30371399702621493E-01
  -46.0   7.29423625928086294E-01
  -46.0   1.22849298433407861E+00
  -45.0  -1.51675767193360023E+00
  -45.0  -1.01776556482098290E+00
  -45.0  -5.18756343539496290E-01
  -45.0  -1.97299703464757434E-02
  -45.0   4.79313572467003679E-01
  -45.0   9.78374285476088290E-01
  -45.0   1.47745216866110018E+00
  -44.0  -1.76681550976910495E+00
  -44.0  -1.26783213876645262E+00
  -44.0  -7.68831644695129657E-01
  -44.0  -2.69813991661051245E-01
  -44.0   2.29220848077284933E-01
  -44.0   7.28272886632584271E-01
  -44.0   1.22734213089715660E+00
  -44.0   1.72642859894422585E+00
  -43.0  -2.01685594034270155E+00
  -43.0  -1.51788132343287585E+00
  -43.0  -1.01888956692607469E+00
  -43.0  -5.19880643128704523E-01
  -43.0  -2.08545208569487911E-02
  -43.0   4.78188821142273457E-01
  -43.0   9.77249396517160251E-01
  -43.0   1.47632722486235290E+00
  -43.0   1.97542234931631699E+00
  -42.0  -2.26687894000550738E+00
  -42.0  -1.76791309890100257E+00
  -42.0  -1.26893009351773034E+00
  -42.0  -7.69929908255706508E-01
  -42.0  -2.70912514569334406E-01
  -42.0   2.28122114077995347E-01
  -42.0   7.27173997528649974E-01
  -42.0   1.22624315723205601E+00
  -42.0   1.72532963135462780E+00
  -42.0   2.22443349528153034E+00
  -41.0  -2.51688448817536159E+00
  -41.0  -2.01792744754870279E+00
  -41.0  -1.51895321011566908E+00
  -41.0  -1.01996177426116952E+00
  -41.0  -5.20953118858098030E-01
  -41.0  -2.19272165714502545E-02
  -41.0   4.77115956999552560E-01
  -41.0   9.76176425621126720E-01
  -41.0   1.47525422406529971E+00
  -41.0   1.97434941482431592E+00
  -41.0   2.47346211229136070E+00
  -40.0  -2.76687256772017420E+00
  -40.0  -2.26792435438767281E+00
  -40.0  -1.76895890469906991E+00
  -40.0  -1.26997623144939387E+00
  -40.0  -7.70976324100267951E-01
  -40.0  -2.71959158796802436E-01
  -40.0   2.27075290783279621E-01
  -40.0   7.26127050553575626E-01
  -40.0   1.22519615322816455E+00
  -40.0   1.72428265199889719E+00
  -40.0   2.22338663934730718E+00
  -40.0   2.72250827439276266E+00
  -39.0  -3.01684316514926465E+00
  -39.0  -2.51790380728018182E+00
  -39.0  -2.01894716760926096E+00
  -39.0  -1.51997327270880267E+00
  -39.0  -1.02098212427899648E+00
  -39.0  -5.21973705539228505E-01
  -39.0  -2.29479913888741144E-02
  -39.0   4.76095045302586839E-01
  -39.0   9.75155436107227103E-01
  -39.0   1.47423322729802320E+00
  -39.0   1.97332849527255028E+00
  -39.0   2.47244136779574930E+00
  -39.0   2.97157205296674709E+00
  -38.0  -3.26679627065485789E+00
  -38.0  -2.76786579705057401E+00
  -38.0  -2.26891799155452034E+00
  -38.0  -1.76995289313631377E+00
  -38.0  -1.27097051621825718E+00
  -38.0  -7.71970853693499159E-01
  -38.0  -2.72953884753044551E-01
  -38.0   2.26080417212338319E-01
  -38.0   7.25132082922317789E-01
  -38.0   1.22420115368074822E+00
  -38.0   1.72328769364690437E+00
  -38.0   2.22239180692484295E+00
  -38.0   2.72151366102675762E+00
  -38.0   3.22065351556890223E+00
  -37.0  -3.51673187803802456E+00
  -37.0  -3.01781031750478235E+00
  -37.0  -2.51887137158726571E+00
  -37.0  -2.01991508983262102E+00
  -37.0  -1.52094149905388165E+00
  -37.0  -1.02195060326530607E+00
  -37.0  -5.22942388598659158E-01
  -37.0  -2.39168311732771630E-02
  -37.0   4.75126098467021751E-01
  -37.0   9.74186437887825551E-01
  -37.0   1.47326424195291339E+00
  -37.0   1.97235959676744832E+00
  -37.0   2.47147263831518771E+00
  -37.0   2.97060357709422940E+00
  -37.0   3.46975272487773090E+00
  -36.0  -3.76664998454772171E+00
  -36.0  -3.26773736537489645E+00
  -36.0  -2.76880730507219841E+00
  -36.0  -2.26985986179308252E+00
  -36.0  -1.77089507378737188E+00
  -36.0  -1.27191295660590220E+00
  -36.0  -7.72913505381588872E-01
  -36.0  -2.73896701221218619E-01
  -36.0   2.25137482992500443E-01
  -36.0   7.24189081752001584E-01
  -36.0   1.22325814280918110E+00
  -36.0   1.72234473819922473E+00
  -36.0   2.22144897965854859E+00
  -36.0   2.72057103865036209E+00
  -36.0   3.21971117049351641E+00
  -36.0   3.71886973775355489E+00
  -35.0  -4.01655059065746833E+00
  -35.0  -3.51764694020885127E+00
  -35.0  -3.01872579164661348E+00
  -35.0  -2.51978720981353277E+00
  -35.0  -2.02083124295897099E+00
  -35.0  -1.52185791788612357E+00
  -35.0  -1.02286724001859564E+00
  -35.0  -5.23859197417564371E-01
  -35.0  -2.48337668207520255E-02
  -35.0   4.74209083164159217E-01
  -35.0   9.73269394656312792E-01
  -35.0   1.47234722879430646E+00
  -35.0   1.97144267822533870E+00
  -35.0   2.47055588361123046E+00
  -35.0   2.96968705452090731E+00
  -35.0   3.46883649145113626E+00
  -35.0   3.96800460440858993E+00
  -34.0  -4.26643369980092402E+00
  -34.0  -3.76753904422183039E+00
  -34.0  -3.26862683315862723E+00
  -34.0  -2.76969713638952797E+00
  -34.0  -2.27075001044848923E+00
  -34.0  -1.77178549266441010E+00
  -34.0  -1.27280359918183494E+00
  -34.0  -7.73804326598078962E-01
  -34.0  -2.74787657180846689E-01
  -34.0   2.24246436774892699E-01
  -34.0   7.23297992696062875E-01
  -34.0   1.22236706309971366E+00
  -34.0   1.72145372552185716E+00
  -34.0   2.22055809632232393E+00
  -34.0   2.71968034794251068E+00
  -34.0   3.21882072943734920E+00
  -34.0   3.71797958526919770E+00
  -34.0   4.21715736768795857E+00
  -33.0  -4.51629931808528529E+00
  -33.0  -4.01741368212101335E+00
  -33.0  -3.51851043357364768E+00
  -33.0  -3.01958964562796828E+00
  -33.0  -2.52065138136555511E+00
  -33.0  -2.02169568756942741E+00
  -33.0  -1.52272259085052841E+00
  -33.0  -1.02373209742233429E+00
  -33.0  -5.24724196552061928E-01
  -33.0  -2.56988652230412569E-02
  -33.0   4.73343929537972274E-01
  -33.0   9.72404233263004292E-01
  -33.0   1.47148211156532849E+00
  -33.0   1.97057766129920586E+00
  -33.0   2.46969102522224526E+00
  -33.0   2.96882240970763966E+00
  -33.0   3.46797210336080974E+00
  -33.0   3.96714049172839989E+00
  -33.0   4.46632806246031500E+00
  -32.0  -4.76614745399814943E+00
  -32.0  -4.26727086091075503E+00
  -32.0  -3.76837659885352982E+00
  -32.0  -3.26946474318504521E+00
  -32.0  -2.77053536197607153E+00
  -32.0  -2.27158851009396923E+00
  -32.0  -1.77262422393724228E+00
  -32.0  -1.27364251975734732E+00
  -32.0  -7.74643395022918679E-01
  -32.0  -2.75626832652983211E-01
  -32.0   2.23407195643203382E-01
  -32.0   7.22458729542187483E-01
  -32.0   1.22152782500649071E+00
  -32.0   1.72061456325968809E+00
  -32.0   2.21971906311604350E+00
  -32.0   2.71884149601532776E+00
  -32.0   3.21798210341375368E+00
  -32.0   3.71714121223596772E+00
  -32.0   4.21631924455021245E+00
  -32.0   4.71551671511593806E+00
  -31.0  -5.01597811812132921E+00
  -31.0  -4.51711058968477097E+00
  -31.0  -4.01822533682196870E+00
  -31.0  -3.51932243621742025E+00
  -31.0  -3.02040195963058267E+00
  -31.0  -2.52146396846579357E+00
  -31.0  -2.02250850798201887E+00
  -31.0  -1.52353560428217061E+00
  -31.0  -1.02454526391752809E+00
  -31.0  -5.25537476846542395E-01
  -31.0  -2.65122200704058474E-02
  -31.0   4.72530540654938713E-01
  -31.0   9.71590853376408714E-01
  -31.0   1.47066878679061075E+00
  -31.0   1.96976444022056341E+00
  -31.0   2.46887795667480470E+00
  -31.0   2.96800953800699041E+00
  -31.0   3.46715946072992853E+00
  -31.0   3.96632808754210808E+00
  -31.0   4.46551587091785240E+00
  -31.0   4.96472334316910757E+00
  -30.0  -5.26579132286219576E+00
  -30.0  -4.76693287941217392E+00
  -30.0  -4.26805665702556425E+00
  -30.0  -3.76916273332141261E+00
  -30.0  -3.27025118269647130E+00
  -30.0  -2.77132207157486610E+00
  -30.0  -2.27237545296129984E+00
  -30.0  -1.77341136219660811E+00
  -30.0  -1.27442981529311683E+00
  -30.0  -7.75430810143025395E-01
  -30.0  -2.76414329962214766E-01
  -30.0   2.22619654089765528E-01
  -30.0   7.21671183388643223E-01
  -30.0   1.22074031632130975E+00
  -30.0   1.71982713643265872E+00
  -30.0   2.21893176343266907E+00
  -30.0   2.71805436639456444E+00
  -30.0   3.21719517852938708E+00
  -30.0   3.71635451017613816E+00
  -30.0   4.21553275587327647E+00
  -30.0   4.71473039105708391E+00
  -30.0   5.21394795496054453E+00
  -29.0  -5.51558708221163485E+00
  -29.0  -5.01673774272542428E+00
  -29.0  -4.51787057059311437E+00
  -29.0  -4.01898564444793127E+00
  -29.0  -3.52008304051314314E+00
  -29.0  -3.02116282893882548E+00
  -29.0  -2.52222506918930600E+00
  -29.0  -2.02326980497332398E+00
  -29.0  -1.52429706161149792E+00
  -29.0  -1.02530684562807028E+00
  -29.0  -5.26299147290373082E-01
  -29.0  -2.72739434763414230E-02
  -29.0   4.71768801064321175E-01
  -29.0   9.70829136189455211E-01
  -29.0   1.46990713261584327E+00
  -29.0   1.96900289086523905E+00
  -29.0   2.46811655293414978E+00
  -29.0   2.96724831538068523E+00
  -29.0   3.46639844273750519E+00
  -29.0   3.96556727678645560E+00
  -29.0   4.46475523855006529E+00
  -29.0   4.96396281787827576E+00
  -29.0   5.46319054945525107E+00
  -28.0  -5.76536541153485693E+00
  -28.0  -5.26652519371738670E+00
  -28.0  -4.76766709009044920E+00
  -28.0  -4.26879118080203757E+00
  -28.0  -3.76989754337279459E+00
  -28.0  -3.27098625068228444E+00
  -28.0  -2.77205736726884577E+00
  -28.0  -2.27311094418848336E+00
  -28.0  -1.77414701551669607E+00
  -28.0  -1.27516559673957319E+00
  -28.0  -7.76166685831956360E-01
  -28.0  -2.77150266061887141E-01
  -28.0   2.21883691907917180E-01
  -28.0   7.20935230710881836E-01
  -28.0   1.22000441037045815E+00
  -28.0   1.71909131572874063E+00
  -28.0   2.21819606628862731E+00
  -28.0   2.71731882788956014E+00
  -28.0   3.21645982534710662E+00
  -28.0   3.71561935340137284E+00
  -28.0   4.21479778176220421E+00
  -28.0   4.71399555126083580E+00
  -28.0   5.21321315668125962E+00
  -28.0   5.71245111613021717E+00
  -27.0  -6.01512632740096898E+00
  -27.0  -5.51629524775335778E+00
  -27.0  -5.01744622937028772E+00
  -27.0  -4.51857935474194861E+00
  -27.0  -4.01969470250009930E+00
  -27.0  -3.52079234750793990E+00
  -27.0  -3.02187235805134913E+00
  -27.0  -2.52293479140488941E+00
  -27.0  -2.02397968959432584E+00
  -27.0  -1.52500707694183091E+00
  -27.0  -1.02601695967004880E+00
  -27.0  -5.27009328077219452E-01
  -27.0  -2.79841588290344855E-02
  -27.0   4.71058584116815504E-01
  -27.0   9.70118951887767755E-01
  -27.0   1.46919701641846512E+00
  -27.0   1.96829287850639822E+00
  -27.0   2.46740667828055971E+00
  -27.0   2.96653860660006297E+00
  -27.0   3.46568891648120259E+00
  -27.0   3.96485793067644821E+00
  -27.0   4.46404604213542466E+00
  -27.0   4.96325370373210450E+00
  -27.0   5.46248140492264422E+00
  -27.0   5.96172963494638886E+00
  -26.0  -6.26486984745480058E+00
  -26.0  -5.76604792130289923E+00
  -26.0  -5.26720800342042050E+00
  -26.0  -4.76835017968151043E+00
  -26.0  -4.26947453000160149E+00
  -26.0  -3.77058113066771794E+00
  -26.0  -3.27167005262273936E+00
  -26.0  -2.77274135814932965E+00
  -26.0  -2.27379509627143195E+00
  -26.0  -1.77483129963647945E+00
  -26.0  -1.27584998297941787E+00
  -26.0  -7.76851144090088153E-01
  -26.0  -2.77834766109700593E-01
  -26.0   2.21199180742869678E-01
  -26.0   7.20250740009386159E-01
  -26.0   1.21931997275254478E+00
  -26.0   1.71840696436491003E+00
  -26.0   2.21751183338993219E+00
  -26.0   2.71663474191750121E+00
  -26.0   3.21577590647272871E+00
  -26.0   3.71493560726802174E+00
  -26.0   4.21411419183066194E+00
  -26.0   4.71331207045028755E+00
  -26.0   5.21252969943151978E+00
  -26.0   5.71176755204522291E+00
  -26.0   6.21102607639914250E+00
  -25.0  -6.51459599033380865E+00
  -25.0  -6.01578323179506125E+00
  -25.0  -5.51695242821517873E+00
  -25.0  -5.01810366998770085E+00
  -25.0  -4.51923703878711969E+00
  -25.0  -4.02035261196110394E+00
  -25.0  -3.52145046232888825E+00
  -25.0  -3.02253065593804937E+00
  -25.0  -2.52359324774591354E+00
  -25.0  -2.02463827794909967E+00
  -25.0  -1.52566576967561796E+00
  -25.0  -1.02667572862156220E+00
  -25.0  -5.27668144911954351E-01
  -25.0  -2.86429949499243525E-02
  -25.0   4.70399757922045580E-01
  -25.0   9.69460165682469288E-01
  -25.0   1.46853830088080528E+00
  -25.0   1.96763426393703811E+00
  -25.0   2.46674819258441635E+00
  -25.0   2.96588027188022929E+00
  -25.0   3.46503074397560473E+00
  -25.0   3.96419991430895546E+00
  -25.0   4.46338815093795027E+00
  -25.0   4.96259587445689831E+00
  -25.0   5.46182353530774289E+00
  -25.0   5.96107157936731369E+00
  -25.0   6.46034040164052747E+00
  -24.0  -6.76430477563164256E+00
  -24.0  -6.26550119749977785E+00
  -24.0  -5.76667952057412236E+00
  -24.0  -5.26783984086761592E+00
  -24.0  -4.76898224249048130E+00
  -24.0  -4.27010680374890672E+00
  -24.0  -3.77121359879118456E+00
  -24.0  -3.27230269625984915E+00
  -24.0  -2.77337415590800784E+00
  -24.0  -2.27442802458215132E+00
  -24.0  -1.77546433335400122E+00
  -24.0  -1.27648309604611310E+00
  -24.0  -7.77484310074103568E-01
  -24.0  -2.78467958328791232E-01
  -24.0   2.20565989368064264E-01
  -24.0   7.19617577198019442E-01
  -24.0   1.21868686681841076E+00
  -24.0   1.71777394363199520E+00
  -24.0   2.21687892471353099E+00
  -24.0   2.71600196813709482E+00
  -24.0   3.21514328245322423E+00
  -24.0   3.71430313454032701E+00
  -24.0   4.21348185213369852E+00
  -24.0   4.71267981857169360E+00
  -24.0   5.21189745681400929E+00
  -24.0   5.71113520157024723E+00
  -24.0   6.21039346003083459E+00
  -24.0   6.70967256266784240E+00
  -23.0  -7.01399622390880317E+00
  -23.0  -6.51520183743799119E+00
  -23.0  -6.01638929803136513E+00
  -23.0  -5.51755870824888639E+00
  -23.0  -5.01871015540258458E+00
  -23.0  -4.51984371893246450E+00
  -23.0  -4.02095947388585095E+00
  -23.0  -3.52205749056146988E+00
  -23.0  -3.02313783236573164E+00
  -23.0  -2.52420055181544800E+00
  -23.0  -2.02524568718861886E+00
  -23.0  -1.52627326029264632E+00
  -23.0  -1.02728327612548354E+00
  -23.0  -5.28275724483000642E-01
  -23.0  -2.92505814740800993E-02
  -23.0   4.69792190032434942E-01
  -23.0   9.68852642548528320E-01
  -23.0   1.46793084880039371E+00
  -23.0   1.96702690839402683E+00
  -23.0   2.46614095637252673E+00
  -23.0   2.96527317206008467E+00
  -23.0   3.46442378746670032E+00
  -23.0   3.96359309238972601E+00
  -23.0   4.46278143296300911E+00
  -23.0   4.96198920151775447E+00
  -23.0   5.46121681480715004E+00
  -23.0   5.96046468151046405E+00
  -23.0   6.45973315900512990E+00
  -23.0   6.95902250257081878E+00
  -22.0  -7.26367035675007244E+00
  -22.0  -6.76488517132220046E+00
  -22.0  -6.26608177871966632E+00
  -22.0  -5.76726028866058194E+00
  -22.0  -5.26842079239827576E+00
  -22.0  -4.76956337087883941E+00
  -22.0  -4.27068809973349328E+00
  -22.0  -3.77179505029267848E+00
  -22.0  -3.27288428850361823E+00
  -22.0  -2.77395587146331923E+00
  -22.0  -2.27500984375615278E+00
  -22.0  -1.77604623475819001E+00
  -22.0  -1.27706505724852093E+00
  -22.0  -7.78066308131337481E-01
  -22.0  -2.79049969965969313E-01
  -22.0   2.19983987780900364E-01
  -22.0   7.19035609726137337E-01
  -22.0   1.21810495779502403E+00
  -22.0   1.71719211701947083E+00
  -22.0   2.21629720269289354E+00
  -22.0   2.71542036881941451E+00
  -22.0   3.21456181643407879E+00
  -22.0   3.71372180025473986E+00
  -22.0   4.21290063034359097E+00
  -22.0   4.71209866640854536E+00
  -22.0   5.21131630249300137E+00
  -22.0   5.71055394009229200E+00
  -22.0   6.20981195136632813E+00
  -22.0   6.70909063314509613E+00
  -22.0   7.20839015583220011E+00
  -21.0  -7.51332719686782546E+00
  -21.0  -7.01455121952984406E+00
  -21.0  -6.51575698127273562E+00
  -21.0  -6.01694459911638280E+00
  -21.0  -5.51811416883660932E+00
  -21.0  -5.01926577333390078E+00
  -21.0  -4.52039948872156483E+00
  -21.0  -4.02151538695041033E+00
  -21.0  -3.52261353547795686E+00
  -21.0  -3.02369399485026991E+00
  -21.0  -2.52475681502868721E+00
  -21.0  -2.02580203229171119E+00
  -21.0  -1.52682966704992262E+00
  -21.0  -1.02783972349023967E+00
  -21.0  -5.28832190969343863E-01
  -21.0  -2.98070452835724094E-02
  -21.0   4.69235751060068984E-01
  -21.0   9.68296250870270825E-01
  -21.0   1.46737452674148794E+00
  -21.0   1.96647067718875168E+00
  -21.0   2.46558483443271070E+00
  -21.0   2.96471717226997100E+00
  -21.0   3.46386791338765931E+00
  -21.0   3.96303733357540589E+00
  -21.0   4.46222575963709112E+00
  -21.0   4.96143355915692208E+00
  -21.0   5.46066111985078884E+00
  -21.0   5.95990881846830067E+00
  -21.0   6.45917698023193676E+00
  -21.0   6.95846583130060647E+00
  -21.0   7.45777544867436504E+00
  -20.0  -7.76296676824954179E+00
  -20.0  -7.26420000311076564E+00
  -20.0  -6.76541492474757611E+00
  -20.0  -6.26661165699695744E+00
  -20.0  -5.76779030044008145E+00
  -20.0  -5.26895094036301614E+00
  -20.0  -4.77009365350387515E+00
  -20.0  -4.27121851206931069E+00
  -20.0  -3.77232558421885855E+00
  -20.0  -3.27341493287922347E+00
  -20.0  -2.77448661238494099E+00
  -20.0  -2.27554066502993857E+00
  -20.0  -1.77657711843973631E+00
  -20.0  -1.27759598426202170E+00
  -20.0  -7.78597258793743974E-01
  -20.0  -2.79580924213031379E-01
  -20.0   2.19453050330738725E-01
  -20.0   7.18504709736491720E-01
  -20.0   1.21757411596344367E+00
  -20.0   1.71666135341787474E+00
  -20.0   2.21576653545271718E+00
  -20.0   2.71488981209318991E+00
  -20.0   3.21403137738352029E+00
  -20.0   3.71319147503257474E+00
  -20.0   4.21237039943974523E+00
  -20.0   4.71156848970253517E+00
  -20.0   5.21078611468543951E+00
  -20.0   5.71002364728202938E+00
  -20.0   6.20928142967569308E+00
  -20.0   6.70855973001263450E+00
  -20.0   7.20785869447569105E+00
  -20.0   7.70717829944596922E+00
  -19.0  -8.01258909634730365E+00
  -19.0  -7.51383154383042307E+00
  -19.0  -7.01505562856721809E+00
  -19.0  -6.51626147993467786E+00
  -19.0  -6.01744920317709120E+00
  -19.0  -5.51861888630078212E+00
  -19.0  -5.01977060693119004E+00
  -19.0  -4.52090443720704727E+00
  -19.0  -4.02202044548482718E+00
  -19.0  -3.52311869607180705E+00
  -19.0  -3.02419924656662076E+00
  -19.0  -2.52526214434908347E+00
  -19.0  -2.02630742365871175E+00
  -19.0  -1.52733510347094659E+00
  -19.0  -1.02834518709755174E+00
  -19.0  -5.29337663386229895E-01
  -19.0  -3.03125078128559239E-02
  -19.0   4.68730317390992246E-01
  -19.0   9.67790865159471547E-01
  -19.0   1.46686920774886498E+00
  -19.0   1.96596544242695859E+00
  -19.0   2.46507969858452336E+00
  -19.0   2.96421214480724693E+00
  -19.0   3.46336299531770520E+00
  -19.0   3.96253251341806356E+00
  -19.0   4.46172100890541312E+00
  -19.0   4.96092882787178624E+00
  -19.0   5.46015633299577807E+00
  -19.0   5.95940387353939016E+00
  -19.0   6.45867174722377335E+00
  -19.0   6.95796015542422008E+00
  -19.0   7.45726915603441398E+00
  -19.0   7.95659861904297827E+00
  -18.0  -8.26219420830789630E+00
  -18.0  -7.76344586424923833E+00
  -18.0  -7.26467911248455245E+00
  -18.0  -6.76589408571084228E+00
  -18.0  -6.26709089315686274E+00
  -18.0  -5.76826962566247037E+00
  -18.0  -5.26943036195202374E+00
  -18.0  -4.77057317395712843E+00
  -18.0  -4.27169812989757869E+00
  -18.0  -3.77280529455876446E+00
  -18.0  -3.27389472772224499E+00
  -18.0  -2.77496648091975384E+00
  -18.0  -2.27602059416422975E+00
  -18.0  -1.77705709333210859E+00
  -18.0  -1.27807598889845031E+00
  -18.0  -7.79077276493128634E-01
  -18.0  -2.80060937886775496E-01
  -18.0   2.18973058054490327E-01
  -18.0   7.18024756398933706E-01
  -18.0   1.21709421897887449E+00
  -18.0   1.71618152942075342E+00
  -18.0   2.21528679909562998E+00
  -18.0   2.71441017424199771E+00
  -18.0   3.21355184248687609E+00
  -18.0   3.71271203767840774E+00
  -18.0   4.21189104043244633E+00
  -18.0   4.71108917188268350E+00
  -18.0   5.21030677904365458E+00
  -18.0   5.70954421032092174E+00
  -18.0   6.20880178219752477E+00
  -18.0   6.70807973825490844E+00
  -18.0   7.20737820403500073E+00
  -18.0   7.70669714195109812E+00
  -18.0   8.20603631135762512E+00
  -17.0  -8.51178213324048727E+00
  -17.0  -8.01304298783766988E+00
  -17.0  -7.51428539657200734E+00
  -17.0  -7.01550949217507736E+00
  -17.0  -6.51671538652276716E+00
  -17.0  -6.01790317301057964E+00
  -17.0  -5.51907293154332912E+00
  -17.0  -5.02022473393768554E+00
  -17.0  -4.52135864792872599E+00
  -17.0  -4.02247473811440681E+00
  -17.0  -3.52357306548593208E+00
  -17.0  -3.02465368467893203E+00
  -17.0  -2.52571664053875278E+00
  -17.0  -2.02676196528326003E+00
  -17.0  -1.52778967645171626E+00
  -17.0  -1.02879977645651710E+00
  -17.0  -5.29792253601356067E-01
  -17.0  -3.07670830434084545E-02
  -17.0   4.68275773195039435E-01
  -17.0   9.67336368054352747E-01
  -17.0   1.46641477332546089E+00
  -17.0   1.96551108496479765E+00
  -17.0   2.46462542962348019E+00
  -17.0   2.96375797107425010E+00
  -17.0   3.46290891594113459E+00
  -17.0   3.96207851647404752E+00
  -17.0   4.46126706761998193E+00
  -17.0   4.96047489690591448E+00
  -17.0   5.45970234538677435E+00
  -17.0   5.95894973880141343E+00
  -17.0   6.45821735143780895E+00
  -17.0   6.95750536345559478E+00
  -17.0   7.45681381635224039E+00
  -17.0   7.95614257110103740E+00
  -17.0   8.45549127375156573E+00
  -16.0  -8.76135290252025634E+00
  -16.0  -8.26262293912818535E+00
  -16.0  -7.76387450124269396E+00
  -16.0  -7.26510771718658521E+00
  -16.0  -6.76632269933184638E+00
  -16.0  -6.26751954281703760E+00
  -16.0  -5.76869832866129162E+00
  -16.0  -5.26985912871548035E+00
  -16.0  -4.77100200989582479E+00
  -16.0  -4.27212703621992507E+00
  -16.0  -3.77323426898522740E+00
  -16.0  -3.27432376483871224E+00
  -16.0  -2.77539557255818448E+00
  -16.0  -2.27644972993031303E+00
  -16.0  -1.77748626113133890E+00
  -16.0  -1.27850517546831122E+00
  -16.0  -7.79506467878547826E-01
  -16.0  -2.80490119718110220E-01
  -16.0   2.18543900398827512E-01
  -16.0   7.17595637629081962E-01
  -16.0   1.21666515357517468E+00
  -16.0   1.71575253100916725E+00
  -16.0   2.21485787936727974E+00
  -16.0   2.71398134136544078E+00
  -16.0   3.21312309882572888E+00
  -16.0   3.71228337686823240E+00
  -16.0   4.21146244406632420E+00
  -16.0   4.71066060597839709E+00
  -16.0   5.20987819082711390E+00
  -16.0   5.70911552607179029E+00
  -16.0   6.20837290617780724E+00
  -16.0   6.70765055384558373E+00
  -16.0   7.20694857701452118E+00
  -16.0   7.70626692595630836E+00
  -16.0   8.20560535558982096E+00
  -16.0   8.70496339754733128E+00
  -15.0  -9.01090655012674446E+00
  -15.0  -8.51218574390498262E+00
  -15.0  -8.01344644730869149E+00
  -15.0  -7.51468877857145756E+00
  -15.0  -7.01591284743330768E+00
  -15.0  -6.51711874935373547E+00
  -15.0  -6.01830656615523463E+00
  -15.0  -5.51947636971151212E+00
  -15.0  -5.02062822597533920E+00
  -15.0  -4.52176219807697422E+00
  -15.0  -4.02287834685111356E+00
  -15.0  -3.52397672997836287E+00
  -15.0  -3.02505739919825167E+00
  -15.0  -2.52612039692972301E+00
  -15.0  -2.02716575344610339E+00
  -15.0  -1.52819348488972206E+00
  -15.0  -1.02920359278371376E+00
  -15.0  -5.30196064882004880E-01
  -15.0  -3.11708760337688386E-02
  -15.0   4.67872011897641271E-01
  -15.0   9.66932651780560648E-01
  -15.0   1.46601111487508917E+00
  -15.0   1.96510749583394939E+00
  -15.0   2.46422191873539154E+00
  -15.0   2.96335454299328882E+00
  -15.0   3.46250556849458224E+00
  -15.0   3.96167523780939845E+00
  -15.0   4.46086383303862277E+00
  -15.0   4.96007166576041403E+00
  -15.0   5.45929905848195851E+00
  -15.0   5.95854631697426740E+00
  -15.0   6.45781369553434992E+00
  -15.0   6.95710135623341674E+00
  -15.0   7.45640932662212297E+00
  -15.0   7.95573745968615587E+00
  -15.0   8.45508540111921825E+00
  -15.0   8.95445256853589733E+00
  -14.0  -9.26044311301644996E+00
  -14.0  -8.76173142943556016E+00
  -14.0  -8.26300125607853531E+00
  -14.0  -7.76425269409759267E+00
  -14.0  -7.26548584637467521E+00
  -14.0  -6.76670080659743789E+00
  -14.0  -6.26789765663054244E+00
  -14.0  -5.76907646814005837E+00
  -14.0  -5.27023730616821773E+00
  -14.0  -4.77138023259098532E+00
  -14.0  -4.27250530728179534E+00
  -14.0  -3.77361258808041011E+00
  -14.0  -3.27470212861356291E+00
  -14.0  -2.77577397504090406E+00
  -14.0  -2.27682816303156343E+00
  -14.0  -1.77786471515201527E+00
  -14.0  -1.27888363958682061E+00
  -14.0  -7.79884930586699943E-01
  -14.0  -2.80868569102182775E-01
  -14.0   2.18165476475509268E-01
  -14.0   7.17217251336678574E-01
  -14.0   1.21628681679750761E+00
  -14.0   1.71537425476399319E+00
  -14.0   2.21447967285107739E+00
  -14.0   2.71360321056995746E+00
  -14.0   3.21274504457975185E+00
  -14.0   3.71190539237930972E+00
  -14.0   4.21108451212492785E+00
  -14.0   4.71028269600177563E+00
  -14.0   5.20950025622017154E+00
  -14.0   5.70873750239608579E+00
  -14.0   6.20799471033609507E+00
  -14.0   6.70727208507975625E+00
  -14.0   7.20656971951688519E+00
  -14.0   7.70588755351250310E+00
  -14.0   8.20522533787561059E+00
  -14.0   8.70458260739086320E+00
  -14.0   9.20395866749812974E+00
  -13.0  -9.50996263153203358E+00
  -13.0  -9.01126002474781984E+00
  -13.0  -8.51253894949542378E+00
  -13.0  -8.01379948148162136E+00
  -13.0  -7.51504171134994969E+00
  -13.0  -7.01626572812003602E+00
  -13.0  -6.51747161230861405E+00
  -13.0  -6.01865943495759304E+00
  -13.0  -5.51982926021278608E+00
  -13.0  -5.02098114838879450E+00
  -13.0  -4.52211515810040510E+00
  -13.0  -4.02323134654669357E+00
  -13.0  -3.52432976824680111E+00
  -13.0  -3.02541047219964154E+00
  -13.0  -2.52647349855977499E+00
  -13.0  -2.02751887578549184E+00
  -13.0  -1.52854661870066133E+00
  -13.0  -1.02955672797892839E+00
  -13.0  -5.30549190842809826E-01
  -13.0  -3.15239818525194088E-02
  -13.0   4.67518937248891320E-01
  -13.0   9.66579619211305308E-01
  -13.0   1.46565813474666973E+00
  -13.0   1.96475457726852265E+00
  -13.0   2.46386906850879228E+00
  -13.0   2.96300176401561099E+00
  -13.0   3.46215285779437965E+00
  -13.0   3.96132258405743620E+00
  -13.0   4.46051121392596883E+00
  -13.0   4.95971904540885156E+00
  -13.0   5.45894638529221421E+00
  -13.0   5.95819352251401835E+00
  -13.0   6.45746069444497106E+00
  -13.0   6.95674804793695856E+00
  -13.0   7.45605559865589917E+00
  -13.0   7.95538319255882609E+00
  -13.0   8.45473047464237304E+00
  -13.0   8.95409686854983811E+00
  -13.0   9.45348157074129425E+00
  -12.0  -9.75946514985500180E+00
  -12.0  -9.26077156096079435E+00
  -12.0  -8.76205955032500583E+00
  -12.0  -8.26332915845109461E+00
  -12.0  -7.76458045718069290E+00
  -12.0  -7.26581352697362348E+00
  -12.0  -6.76702844492972311E+00
  -12.0  -6.26822528077499364E+00
  -12.0  -5.76940409752352057E+00
  -12.0  -5.27056495384421453E+00
  -12.0  -4.77170790677112677E+00
  -12.0  -4.27283301227205481E+00
  -12.0  -3.77394032490592179E+00
  -12.0  -3.27502989548129797E+00
  -12.0  -2.77610176774654427E+00
  -12.0  -2.27715597541574422E+00
  -12.0  -1.77819253957404544E+00
  -12.0  -1.27921146736448255E+00
  -12.0  -7.80212752385894492E-01
  -12.0  -2.81196375206862748E-01
  -12.0   2.17837695976620671E-01
  -12.0   7.16889506353411088E-01
  -12.0   1.21595911693314340E+00
  -12.0   1.71504660879259352E+00
  -12.0   2.21415208788847151E+00
  -12.0   2.71327569088624454E+00
  -12.0   3.21241758994603233E+00
  -12.0   3.71157799602448213E+00
  -12.0   4.21075715839817821E+00
  -12.0   4.70995535793431941E+00
  -12.0   5.20917289336671097E+00
  -12.0   5.70841005928649459E+00
  -12.0   6.20766711589618758E+00
  -12.0   6.70694425338426825E+00
  -12.0   7.20624155195573390E+00
  -12.0   7.70555894265474883E+00
  -12.0   8.20489617244028757E+00
  -12.0   8.70425277823382615E+00
  -12.0   9.20362807367443558E+00
  -12.0   9.70302115065631199E+00
  -11.0  -1.00089507165147715E+01
  -11.0  -9.51026607168203242E+00
  -11.0  -9.01156308241028370E+00
  -11.0  -8.51284174287877882E+00
  -11.0  -8.01410209832614839E+00
  -11.0  -7.51534421562124422E+00
  -11.0  -7.01656816569470010E+00
  -11.0  -6.51777401574902804E+00
  -11.0  -6.01896182718356165E+00
  -11.0  -5.52013165704545727E+00
  -11.0  -5.02128356042395652E+00
  -11.0  -4.52241759173297453E+00
  -11.0  -4.02353380478883516E+00
  -11.0  -3.52463225120869827E+00
  -11.0  -3.02571297749060042E+00
  -11.0  -2.52677602173935734E+00
  -11.0  -2.02782141077402267E+00
  -11.0  -1.52884915821584011E+00
  -11.0  -1.02985926395544891E+00
  -11.0  -5.30851714722021306E-01
  -11.0  -3.18264848126919922E-02
  -11.0   4.67216464120475905E-01
  -11.0   9.66277184687853286E-01
  -11.0   1.46535574707414273E+00
  -11.0   1.96445224356334180E+00
  -11.0   2.46356679381299282E+00
  -11.0   2.96269955002411534E+00
  -11.0   3.46185070116955451E+00
  -11.0   3.96102047438074933E+00
  -11.0   4.46020913155010845E+00
  -11.0   4.95941695932338167E+00
  -11.0   5.45864425138065812E+00
  -11.0   5.95789128264724255E+00
  -11.0   6.45715827640241358E+00
  -11.0   6.95644536684543890E+00
  -11.0   7.45575255960173333E+00
  -11.0   7.95507969461942821E+00
  -11.0   8.45442641589532151E+00
  -11.0   8.95379215144535046E+00
  -11.0   9.45317610732377744E+00
  -11.0   9.95257727630952971E+00
  -10.0  -1.02584193849831902E+01
  -10.0  -9.75974359349864073E+00
  -10.0  -9.26104957102643311E+00
  -10.0  -8.76233725300514266E+00
  -10.0  -8.26360664895707231E+00
  -10.0  -7.76485780596120900E+00
  -10.0  -7.26609078522624152E+00
  -10.0  -6.76730564951895897E+00
  -10.0  -6.26850245793971439E+00
  -10.0  -5.76968126576273921E+00
  -10.0  -5.27084212594089330E+00
  -10.0  -4.77198509107816982E+00
  -10.0  -4.27311021361118559E+00
  -10.0  -3.77421754512618746E+00
  -10.0  -3.27530713389872830E+00
  -10.0  -2.77637902153311300E+00
  -10.0  -2.27743324000003744E+00
  -10.0  -1.77846980906508834E+00
  -10.0  -1.27948873493954052E+00
  -10.0  -7.80490010629315778E-01
  -10.0  -2.81473616357167000E-01
  -10.0   2.17560479848823790E-01
  -10.0   7.16612323156596509E-01
  -10.0   1.21568197427736591E+00
  -10.0   1.71476951353331475E+00
  -10.0   2.21387504542456348E+00
  -10.0   2.71299870416329680E+00
  -10.0   3.21214065809085625E+00
  -10.0   3.71130111267471019E+00
  -10.0   4.21048030977998522E+00
  -10.0   4.70967852088702443E+00
  -10.0   5.20889603359296149E+00
  -10.0   5.70813313007860490E+00
  -10.0   6.20739005772485175E+00
  -10.0   6.70666699444303482E+00
  -10.0   7.20596400997938513E+00
  -10.0   7.70528102796686998E+00
  -10.0   8.20461779190907947E+00
  -10.0   8.70397384007951835E+00
  -10.0   9.20334849213716844E+00
  -10.0   9.70274085016899690E+00
  -10.0   1.02021498140961864E+01
   -9.0  -1.05078712144090574E+01
   -9.0  -1.00092041666152696E+01
   -9.0  -9.51051904338589793E+00
   -9.0  -9.01181570778866892E+00
   -9.0  -8.51309412316490111E+00
   -9.0  -8.01435430946306226E+00
   -9.0  -7.51559631358623470E+00
   -9.0  -7.01682019124345935E+00
   -9.0  -6.51802599820580042E+00
   -9.0  -6.01921378753451997E+00
   -9.0  -5.52038361006424871E+00
   -9.0  -5.02153551624884109E+00
   -9.0  -4.52266955678598670E+00
   -9.0  -4.02378578248242214E+00
   -9.0  -3.52488424239962361E+00
   -9.0  -3.02596498084386623E+00
   -9.0  -2.52702803413159049E+00
   -9.0  -2.02807342765668386E+00
   -9.0  -1.52910117398663492E+00
   -9.0  -1.03011127231935551E+00
   -9.0  -5.31103708945050323E-01
   -9.0  -3.20784579292559199E-02
   -9.0   4.66964519145287582E-01
   -9.0   9.66025274748733787E-01
   -9.0   1.46510387858957336E+00
   -9.0   1.96420042196714251E+00
   -9.0   2.46331502277020986E+00
   -9.0   2.96244783038934623E+00
   -9.0   3.46159902961007315E+00
   -9.0   3.96076884172348631E+00
   -9.0   4.45995752105519294E+00
   -9.0   4.95916534496367856E+00
   -9.0   5.45839259645731101E+00
   -9.0   5.95763953904507471E+00
   -9.0   6.45690638455184640E+00
   -9.0   6.95619325685733347E+00
   -9.0   7.45550015333099836E+00
   -9.0   7.95482690891537558E+00
   -9.0   8.45417316644768668E+00
   -9.0   8.95353835707041767E+00
   -9.0   9.45292169389998982E+00
   -9.0   9.95232217975763689E+00
   -9.0   1.04517386285129721E+01
   -8.0  -1.07573062706078773E+01
   -8.0  -1.02586478357448208E+01
   -8.0  -9.75997152938960078E+00
   -8.0  -9.26127712748068710E+00
   -8.0  -8.76256453540569780E+00
   -8.0  -8.26383373745976435E+00
   -8.0  -7.76508476046947926E+00
   -8.0  -7.26631764978009365E+00
   -8.0  -6.76753245618360122E+00
   -8.0  -6.26872922987692061E+00
   -8.0  -5.76990801953112520E+00
   -8.0  -5.27106887320378448E+00
   -8.0  -4.77221183965573292E+00
   -8.0  -4.27333696827421949E+00
   -8.0  -3.77444430808213838E+00
   -8.0  -3.27553390518004761E+00
   -8.0  -2.77660579934602669E+00
   -8.0  -2.27766002106194598E+00
   -8.0  -1.77869658896509297E+00
   -8.0  -1.27971550846766235E+00
   -8.0  -7.80716772060625175E-01
   -8.0  -2.81700359666580913E-01
   -8.0   2.17333760827644440E-01
   -8.0   7.16385634562094031E-01
   -8.0   1.21545532198033013E+00
   -8.0   1.71454290275469368E+00
   -8.0   2.21364848016104787E+00
   -8.0   2.71277218637758821E+00
   -8.0   3.21191418661761752E+00
   -8.0   3.71107468188979395E+00
   -8.0   4.21025390806283983E+00
   -8.0   4.70945212906305155E+00
   -8.0   5.20866962354808116E+00
   -8.0   5.70790666374959788E+00
   -8.0   6.20716348679836472E+00
   -8.0   6.70644026074705213E+00
   -8.0   7.20573704695260897E+00
   -8.0   7.70505376298099609E+00
   -8.0   8.20439014941263345E+00
   -8.0   8.70374574528499245E+00
   -8.0   9.20311987461408876E+00
   -8.0   9.70251164696768420E+00
   -8.0   1.02019199715166717E+01
   -8.0   1.07013435831639097E+01
   -7.0  -1.10067246694510548E+01
   -7.0  -1.05080749403384033E+01
   -7.0  -1.00094081794673677E+01
   -7.0  -9.51072472153351889E+00
   -7.0  -9.01202537919865954E+00
   -7.0  -8.51331135962178465E+00
   -7.0  -8.01458413476508547E+00
   -7.0  -7.51584527303263705E+00
   -7.0  -7.01709624639004481E+00
   -7.0  -6.51833823146719649E+00
   -7.0  -6.01957192526505569E+00
   -7.0  -5.52079739457988783E+00
   -7.0  -5.02201397662654792E+00
   -7.0  -4.52322024161160119E+00
   -7.0  -4.02441402495735367E+00
   -7.0  -3.52559252774304355E+00
   -7.0  -3.02675247866137553E+00
   -7.0  -2.52789034482940611E+00
   -7.0  -2.02900257337440593E+00
   -7.0  -1.53008584324918595E+00
   -7.0  -1.03113730545592763E+00
   -7.0  -5.32154790538179490E-01
   -7.0  -3.31369652966236050E-02
   -7.0   4.65916575041011027E-01
   -7.0   9.65005286322890621E-01
   -7.0   1.46412772770742450E+00
   -7.0   1.96328168110404921E+00
   -7.0   2.46246432696527418E+00
   -7.0   2.96167246133677153E+00
   -7.0   3.46090273572129536E+00
   -7.0   3.96015189908375120E+00
   -7.0   4.45941702104690219E+00
   -7.0   4.95869567625091623E+00
   -7.0   5.45798607391742774E+00
   -7.0   5.95728712087476175E+00
   -7.0   6.45659841259923795E+00
   -7.0   6.95592015536221187E+00
   -7.0   7.45525302732851269E+00
   -7.0   7.95459799642828891E+00
   -7.0   8.45395611588796569E+00
   -7.0   8.95332832301505022E+00
   -7.0   9.45271526593273315E+00
   -7.0   9.95211717981858968E+00
   -7.0   1.04515338266998601E+01
   -7.0   1.09509645026653040E+01
   -6.0  -1.12561274727763738E+01
   -6.0  -1.07574909733574469E+01
   -6.0  -1.02588461489573675E+01
   -6.0  -9.76019854823507771E+00
   -6.0  -9.26155383074212146E+00
   -6.0  -8.76291640098614089E+00
   -6.0  -8.26428827471785254E+00
   -6.0  -7.76566839599459069E+00
   -6.0  -7.26705250680875459E+00
   -6.0  -6.76843356244484262E+00
   -6.0  -6.26980259204707124E+00
   -6.0  -5.77114984182852986E+00
   -6.0  -5.27246600640349250E+00
   -6.0  -4.77374335718170162E+00
   -6.0  -4.27497660858333628E+00
   -6.0  -3.77616341604244488E+00
   -6.0  -3.27730446032170475E+00
   -6.0  -2.77840313331825861E+00
   -6.0  -2.27946489111182560E+00
   -6.0  -1.78049637454260368E+00
   -6.0  -1.28150441849078711E+00
   -6.0  -7.82495076610410734E-01
   -6.0  -2.83472779009955100E-01
   -6.0   2.15560275972941778E-01
   -6.0   7.14604424282173856E-01
   -6.0   1.21366249505973944E+00
   -6.0   1.71273942972371240E+00
   -6.0   2.21184160598097757E+00
   -6.0   2.71097595205441966E+00
   -6.0   3.21014896329719068E+00
   -6.0   3.70936575045625583E+00
   -6.0   4.20862924469994493E+00
   -6.0   4.70793966588593538E+00
   -6.0   5.20729432877071385E+00
   -6.0   5.70668781869801389E+00
   -6.0   6.20611252311226202E+00
   -6.0   6.70555946037559192E+00
   -6.0   7.20501930550886360E+00
   -6.0   7.70448348003652672E+00
   -6.0   8.20394515145623515E+00
   -6.0   8.70339998413360760E+00
   -6.0   9.20284650127346637E+00
   -6.0   9.70228596688054878E+00
   -6.0   1.02017217733626300E+01
   -6.0   1.07011584253395657E+01
   -6.0   1.12006003223161663E+01
   -5.0  -1.15055259020271166E+01
   -5.0  -1.10069439441329902E+01
   -5.0  -1.05084036995311987E+01
   -5.0  -1.00099156106281324E+01
   -5.0  -9.51147639326307726E+00
   -5.0  -9.01306985518339232E+00
   -5.0  -8.51467103923771340E+00
   -5.0  -8.01625194207318792E+00
   -5.0  -7.51778714041225449E+00
   -5.0  -7.01925807687895187E+00
   -5.0  -6.52065533930892727E+00
   -5.0  -6.02197884697252306E+00
   -5.0  -5.52323629978295205E+00
   -5.0  -5.02444050013501808E+00
   -5.0  -4.52560622402572132E+00
   -5.0  -4.02674725706874614E+00
   -5.0  -3.52787406680710225E+00
   -5.0  -3.02899240813601844E+00
   -5.0  -2.53010297476670099E+00
   -5.0  -2.03120203390276766E+00
   -5.0  -1.53228283124947051E+00
   -5.0  -1.03333744325923904E+00
   -5.0  -5.34358699584458252E-01
   -5.0  -3.53418100318331901E-02
   -5.0   4.63714598165050451E-01
   -5.0   9.62808208931380860E-01
   -5.0   1.46193354907333495E+00
   -5.0   1.96108322206529118E+00
   -5.0   2.46024962456145202E+00
   -5.0   2.95942684010222212E+00
   -5.0   3.45861235780088805E+00
   -5.0   3.95780826481351822E+00
   -5.0   4.45702161737435887E+00
   -5.0   4.95626380901952590E+00
   -5.0   5.45554892224240362E+00
   -5.0   5.95489124624142541E+00
   -5.0   6.45430233578967716E+00
   -5.0   6.95378813282479324E+00
   -5.0   7.45334673234410960E+00
   -5.0   7.95296733980595771E+00
   -5.0   8.45263082677612765E+00
   -5.0   8.95231206492634790E+00
   -5.0   9.45198390352300422E+00
   -5.0   9.95162226065869149E+00
   -5.0   1.04512113362948593E+01
   -5.0   1.09507475089321655E+01
   -5.0   1.14502402342359346E+01
   -4.0  -1.17550061332182469E+01
   -4.0  -1.12567109401201897E+01
   -4.0  -1.07586004834756217E+01
   -4.0  -1.02606093742542885E+01
   -4.0  -9.76265001178143876E+00
   -4.0  -9.26464568569688574E+00
   -4.0  -8.76654948609750306E+00
   -4.0  -8.26834840864108678E+00
   -4.0  -7.77005672022130689E+00
   -4.0  -7.27170407482234893E+00
   -4.0  -6.77332312104016054E+00
   -4.0  -6.27493970328053763E+00
   -4.0  -5.77656712198825772E+00
   -4.0  -5.27820463878022661E+00
   -4.0  -4.77983953013937235E+00
   -4.0  -4.28145145998159027E+00
   -4.0  -3.78301773095496241E+00
   -4.0  -3.28451807223492276E+00
   -4.0  -2.78593797893686279E+00
   -4.0  -2.28727012540183150E+00
   -4.0  -1.78851389143312334E+00
   -4.0  -1.28967345177023152E+00
   -4.0  -7.90755117713419109E-01
   -4.0  -2.91764676090848274E-01
   -4.0   2.07294621404881113E-01
   -4.0   7.06422972523762072E-01
   -4.0   1.20562366742860383E+00
   -4.0   1.70490158070537268E+00
   -4.0   2.20426089770582312E+00
   -4.0   2.70370265013545419E+00
   -4.0   3.20322270458021752E+00
   -4.0   3.70281078961594323E+00
   -4.0   4.20245096557579334E+00
   -4.0   4.70212367292059152E+00
   -4.0   5.20180917273394439E+00
   -4.0   5.70149184562157263E+00
   -4.0   6.20116448391003949E+00
   -4.0   6.70083145565238869E+00
   -4.0   7.20050953703488972E+00
   -4.0   7.70022542493283524E+00
   -4.0   8.20000954078160760E+00
   -4.0   8.69988669605622178E+00
   -4.0   9.19986534031695413E+00
   -4.0   9.69992819810282647E+00
   -4.0   1.02000278816165508E+01
   -4.0   1.07000913558273432E+01
   -4.0   1.12000365395438859E+01
   -4.0   1.16998017374444405E+01
   -3.0  -1.20051791902290894E+01
   -3.0  -1.15083182985670902E+01
   -3.0  -1.10118546852247281E+01
   -3.0  -1.05154702550738879E+01
   -3.0  -1.00190176680057448E+01
   -3.0  -9.52248422186081100E+00
   -3.0  -9.02591829416299518E+00
   -3.0  -8.52936706529556687E+00
   -3.0  -8.03284250745867645E+00
   -3.0  -7.53631456358929341E+00
   -3.0  -7.03972288949767844E+00
   -3.0  -6.54299674785146568E+00
   -3.0  -6.04607403251140685E+00
   -3.0  -5.54891366964488775E+00
   -3.0  -5.05149952060062635E+00
   -3.0  -4.55383707373567592E+00
   -3.0  -4.05594589182313836E+00
   -3.0  -3.55785099019077133E+00
   -3.0  -3.05957559578359728E+00
   -3.0  -2.56113665757889786E+00
   -3.0  -2.06254343734724266E+00
   -3.0  -1.56379869888782608E+00
   -3.0  -1.06490150446714171E+00
   -3.0  -5.65850439804844840E-01
   -3.0  -6.66462021374196606E-02
   -3.0   4.32707169320417362E-01
   -3.0   9.32202672020574941E-01
   -3.0   1.43183210606260980E+00
   -3.0   1.93158862615720994E+00
   -3.0   2.43146925662511171E+00
   -3.0   2.93147651637190343E+00
   -3.0   3.43161846816839455E+00
   -3.0   3.93190685732764988E+00
   -3.0   4.43235348369555737E+00
   -3.0   4.93296546314232742E+00
   -3.0   5.43374046247652309E+00
   -3.0   5.93466322282336023E+00
   -3.0   6.43570466393229523E+00
   -3.0   6.93682456939976966E+00
   -3.0   7.43797827198984596E+00
   -3.0   7.93912683885706905E+00
   -3.0   8.44024889497490349E+00
   -3.0   8.94135045063025657E+00
   -3.0   9.44246729914494232E+00
   -3.0   9.94365369073960892E+00
   -3.0   1.04449524228162023E+01
   -3.0   1.09463465052255078E+01
   -3.0   1.14477026130977464E+01
   -3.0   1.19487361717024587E+01
   -2.0  -1.22501256076033798E+01
   -2.0  -1.17443875171554826E+01
   -2.0  -1.12361384272343230E+01
   -2.0  -1.07265306287545688E+01
   -2.0  -1.02163444635768847E+01
   -2.0  -9.70602767087636309E+00
   -2.0  -9.19580106660997920E+00
   -2.0  -8.68574836262287775E+00
   -2.0  -8.17587928169448475E+00
   -2.0  -7.66617049186090149E+00
   -2.0  -7.15659016682847327E+00
   -2.0  -6.64711093009292231E+00
   -2.0  -6.13771494318408539E+00
   -2.0  -5.62839411237536336E+00
   -2.0  -5.11914769125929858E+00
   -2.0  -4.60997890783047826E+00
   -2.0  -4.10089168204706933E+00
   -2.0  -3.59188804506379977E+00
   -2.0  -3.08296653728913750E+00
   -2.0  -2.57412162698383584E+00
   -2.0  -2.06534402985823773E+00
   -2.0  -1.55662170500300112E+00
   -2.0  -1.04794124143631051E+00
   -2.0  -5.39289329288031305E-01
   -2.0  -3.06540289540900984E-02
   -2.0   4.77974394125865787E-01
   -2.0   9.86603218933006731E-01
   -2.0   1.49523765476667236E+00
   -2.0   2.00388181235046625E+00
   -2.0   2.51254011035485547E+00
   -2.0   3.02121888012495221E+00
   -2.0   3.52992786266839342E+00
   -2.0   4.03868125117144849E+00
   -2.0   4.54749793477411401E+00
   -2.0   5.05640065934973038E+00
   -2.0   5.56541395160592511E+00
   -2.0   6.07456085254082812E+00
   -2.0   6.58385876389818314E+00
   -2.0   7.09331500512885338E+00
   -2.0   7.60292298330870242E+00
   -2.0   8.11266019036525243E+00
   -2.0   8.62248952245688116E+00
   -2.0   9.13236554314994464E+00
   -2.0   9.64224684224250694E+00
   -2.0   1.01521134644230919E+01
   -2.0   1.06619820940573398E+01
   -2.0   1.11718964096969788E+01
   -2.0   1.16818344308495732E+01
   -2.0   1.21913839926366094E+01
   -1.0  -1.24404639424649606E+01
   -1.0  -1.18993026870914402E+01
   -1.0  -1.13662877746551221E+01
   -1.0  -1.08382016348345722E+01
   -1.0  -1.03135362100369647E+01
   -1.0  -9.79140090190701073E+00
   -1.0  -9.27119644686164257E+00
   -1.0  -8.75248900479238578E+00
   -1.0  -8.23495303106456156E+00
   -1.0  -7.71834128629636496E+00
   -1.0  -7.20246634019001597E+00
   -1.0  -6.68718723513729518E+00
   -1.0  -6.17239876913202412E+00
   -1.0  -5.65802247502831701E+00
   -1.0  -5.14399902779461904E+00
   -1.0  -4.63028202499906794E+00
   -1.0  -4.11683311671277874E+00
   -1.0  -3.60361842212432348E+00
   -1.0  -3.09060612139908386E+00
   -1.0  -2.57776506741162148E+00
   -1.0  -2.06506422709740400E+00
   -1.0  -1.55247273853977297E+00
   -1.0  -1.03996035757402572E+00
   -1.0  -5.27498068958519917E-01
   -1.0  -1.50586545371290664E-02
   -1.0   4.97382956498794049E-01
   -1.0   1.00984968321571067E+00
   -1.0   1.52236270801912466E+00
   -1.0   2.03494232608241177E+00
   -1.0   2.54760918709160666E+00
   -1.0   3.06038583354835891E+00
   -1.0   3.57329839354237944E+00
   -1.0   4.08637824849141484E+00
   -1.0   4.59966347682760457E+00
   -1.0   5.11319988090236865E+00
   -1.0   5.62704144927401284E+00
   -1.0   6.14125020153015111E+00
   -1.0   6.65589551958155656E+00
   -1.0   7.17105329918414469E+00
   -1.0   7.68680557484358040E+00
   -1.0   8.20324173593066774E+00
   -1.0   8.72046317402659099E+00
   -1.0   9.23859445248955780E+00
   -1.0   9.75780643864773189E+00
   -1.0   1.02783615885239090E+01
   -1.0   1.08007021495127695E+01
   -1.0   1.13256295794823210E+01
   -1.0   1.18547148579814632E+01
   -1.0   1.23915154973838160E+01
    0.0  -1.25115408583705499E+01
    0.0  -1.19501597553099295E+01
    0.0  -1.14069209272299741E+01
    0.0  -1.08722973356358406E+01
    0.0  -1.03429404405612555E+01
    0.0  -9.81719625259608897E+00
    0.0  -9.29409366104521872E+00
    0.0  -8.77301009887050931E+00
    0.0  -8.25354710846404949E+00
    0.0  -7.73552126068547974E+00
    0.0  -7.21922472456192654E+00
    0.0  -6.70911286555163233E+00
    0.0  -6.44783094464550999E+00
    0.0  -6.17265579035041512E+00
    0.0  -5.66315785008729478E+00
    0.0  -5.14911726383380497E+00
    0.0  -4.63467812233372278E+00
    0.0  -4.12029924866315689E+00
    0.0  -3.60607756822955983E+00
    0.0  -3.09202718625280104E+00
    0.0  -2.57813515739864130E+00
    0.0  -2.06437768677329592E+00
    0.0  -1.55072622190624942E+00
    0.0  -1.03715035193110494E+00
    0.0  -5.23619485021650233E-01
    0.0  -1.01038984219933622E-02
    0.0   5.03424681832103094E-01
    0.0   1.01699295107709720E+00
    0.0   1.53062635390803181E+00
    0.0   2.04434986172021249E+00
    0.0   2.55818916059050716E+00
    0.0   3.07217217357810535E+00
    0.0   3.58633080781605518E+00
    0.0   4.10070278829298474E+00
    0.0   4.61533342629248988E+00
    0.0   5.13027717850061116E+00
    0.0   5.64559889572618534E+00
    0.0   6.16137475264867884E+00
    0.0   6.67769301044309849E+00
    0.0   7.19465501706948896E+00
    0.0   7.71237723641502004E+00
    0.0   8.23099571690167942E+00
    0.0   8.75067547392703382E+00
    0.0   9.27162928477270398E+00
    0.0   9.79415463117143581E+00
    0.0   1.03187073297892891E+01
    0.0   1.08460561603232293E+01
    0.0   1.13776439117255794E+01
    0.0   1.19166157466783691E+01
    0.0   1.24722021809267360E+01
    1.0  -1.24404639424649588E+01
    1.0  -1.18993026870914349E+01
    1.0  -1.13662877746551132E+01
    1.0  -1.08382016348345740E+01
    1.0  -1.03135362100369665E+01
    1.0  -9.79140090190702495E+00
    1.0  -9.27119644686163724E+00
    1.0  -8.75248900479239111E+00
    1.0  -8.23495303106456333E+00
    1.0  -7.71834128629636940E+00
    1.0  -7.20246634019001597E+00
    1.0  -6.68718723513729962E+00
    1.0  -6.17239876913202590E+00
    1.0  -5.65802247502831701E+00
    1.0  -5.14399902779462348E+00
    1.0  -4.63028202499906616E+00
    1.0  -4.11683311671277874E+00
    1.0  -3.60361842212432615E+00
    1.0  -3.09060612139908830E+00
    1.0  -2.57776506741162414E+00
    1.0  -2.06506422709740578E+00
    1.0  -1.55247273853977186E+00
    1.0  -1.03996035757402638E+00
    1.0  -5.27498068958520028E-01
    1.0  -1.50586545371291184E-02
    1.0   4.97382956498793827E-01
    1.0   1.00984968321571067E+00
    1.0   1.52236270801912532E+00
    1.0   2.03494232608241088E+00
    1.0   2.54760918709160533E+00
    1.0   3.06038583354835980E+00
    1.0   3.57329839354237944E+00
    1.0   4.08637824849141484E+00
    1.0   4.59966347682760635E+00
    1.0   5.11319988090236777E+00
    1.0   5.62704144927401373E+00
    1.0   6.14125020153014756E+00
    1.0   6.65589551958155656E+00
    1.0   7.17105329918413936E+00
    1.0   7.68680557484357596E+00
    1.0   8.20324173593067130E+00
    1.0   8.72046317402659099E+00
    1.0   9.23859445248955424E+00
    1.0   9.75780643864772657E+00
    1.0   1.02783615885239126E+01
    1.0   1.08007021495127624E+01
    1.0   1.13256295794822925E+01
    1.0   1.18547148579814667E+01
    1.0   1.23915154973838142E+01
    2.0  -1.22501256076034064E+01
    2.0  -1.17443875171555039E+01
    2.0  -1.12361384272343194E+01
    2.0  -1.07265306287545830E+01
    2.0  -1.02163444635768919E+01
    2.0  -9.70602767087636309E+00
    2.0  -9.19580106660996677E+00
    2.0  -8.68574836262287242E+00
    2.0  -8.17587928169448475E+00
    2.0  -7.66617049186090682E+00
    2.0  -7.15659016682849725E+00
    2.0  -6.64711093009292320E+00
    2.0  -6.13771494318408717E+00
    2.0  -5.62839411237536513E+00
    2.0  -5.11914769125929237E+00
    2.0  -4.60997890783048359E+00
    2.0  -4.10089168204707999E+00
    2.0  -3.59188804506380732E+00
    2.0  -3.08296653728913572E+00
    2.0  -2.57412162698383851E+00
    2.0  -2.06534402985823595E+00
    2.0  -1.55662170500300467E+00
    2.0  -1.04794124143630962E+00
    2.0  -5.39289329288030639E-01
    2.0  -3.06540289540899250E-02
    2.0   4.77974394125864954E-01
    2.0   9.86603218933005843E-01
    2.0   1.49523765476666948E+00
    2.0   2.00388181235046581E+00
    2.0   2.51254011035485370E+00
    2.0   3.02121888012494733E+00
    2.0   3.52992786266839342E+00
    2.0   4.03868125117144849E+00
    2.0   4.54749793477410691E+00
    2.0   5.05640065934973304E+00
    2.0   5.56541395160592778E+00
    2.0   6.07456085254082989E+00
    2.0   6.58385876389818581E+00
    2.0   7.09331500512884094E+00
    2.0   7.60292298330869976E+00
    2.0   8.11266019036526309E+00
    2.0   8.62248952245688471E+00
    2.0   9.13236554314995708E+00
    2.0   9.64224684224252471E+00
    2.0   1.01521134644230884E+01
    2.0   1.06619820940573309E+01
    2.0   1.11718964096970002E+01
    2.0   1.16818344308495607E+01
    2.0   1.21913839926366414E+01
    3.0  -1.20051791902290681E+01
    3.0  -1.15083182985671186E+01
    3.0  -1.10118546852247245E+01
    3.0  -1.05154702550738826E+01
    3.0  -1.00190176680057323E+01
    3.0  -9.52248422186080568E+00
    3.0  -9.02591829416300762E+00
    3.0  -8.52936706529556332E+00
    3.0  -8.03284250745865513E+00
    3.0  -7.53631456358929608E+00
    3.0  -7.03972288949768288E+00
    3.0  -6.54299674785147189E+00
    3.0  -6.04607403251141307E+00
    3.0  -5.54891366964489219E+00
    3.0  -5.05149952060062368E+00
    3.0  -4.55383707373566704E+00
    3.0  -4.05594589182313481E+00
    3.0  -3.55785099019077267E+00
    3.0  -3.05957559578359950E+00
    3.0  -2.56113665757890097E+00
    3.0  -2.06254343734724310E+00
    3.0  -1.56379869888782697E+00
    3.0  -1.06490150446714393E+00
    3.0  -5.65850439804844285E-01
    3.0  -6.66462021374196606E-02
    3.0   4.32707169320417029E-01
    3.0   9.32202672020574608E-01
    3.0   1.43183210606260625E+00
    3.0   1.93158862615720905E+00
    3.0   2.43146925662511082E+00
    3.0   2.93147651637190387E+00
    3.0   3.43161846816838922E+00
    3.0   3.93190685732764678E+00
    3.0   4.43235348369554494E+00
    3.0   4.93296546314232476E+00
    3.0   5.43374046247653286E+00
    3.0   5.93466322282336556E+00
    3.0   6.43570466393230678E+00
    3.0   6.93682456939976966E+00
    3.0   7.43797827198983885E+00
    3.0   7.93912683885706638E+00
    3.0   8.44024889497490527E+00
    3.0   8.94135045063027079E+00
    3.0   9.44246729914495475E+00
    3.0   9.94365369073956629E+00
    3.0   1.04449524228161774E+01
    3.0   1.09463465052254882E+01
    3.0   1.14477026130977606E+01
    3.0   1.19487361717025315E+01
    4.0  -1.17550061332182469E+01
    4.0  -1.12567109401201861E+01
    4.0  -1.07586004834756235E+01
    4.0  -1.02606093742543010E+01
    4.0  -9.76265001178144232E+00
    4.0  -9.26464568569688574E+00
    4.0  -8.76654948609748175E+00
    4.0  -8.26834840864109033E+00
    4.0  -7.77005672022129623E+00
    4.0  -7.27170407482233916E+00
    4.0  -6.77332312104016321E+00
    4.0  -6.27493970328052875E+00
    4.0  -5.77656712198825506E+00
    4.0  -5.27820463878023993E+00
    4.0  -4.77983953013936524E+00
    4.0  -4.28145145998159560E+00
    4.0  -3.78301773095496596E+00
    4.0  -3.28451807223492187E+00
    4.0  -2.78593797893686768E+00
    4.0  -2.28727012540182839E+00
    4.0  -1.78851389143312112E+00
    4.0  -1.28967345177022863E+00
    4.0  -7.90755117713418221E-01
    4.0  -2.91764676090848607E-01
    4.0   2.07294621404881363E-01
    4.0   7.06422972523762294E-01
    4.0   1.20562366742860316E+00
    4.0   1.70490158070536979E+00
    4.0   2.20426089770582534E+00
    4.0   2.70370265013544664E+00
    4.0   3.20322270458022640E+00
    4.0   3.70281078961594412E+00
    4.0   4.20245096557579600E+00
    4.0   4.70212367292058531E+00
    4.0   5.20180917273396215E+00
    4.0   5.70149184562156819E+00
    4.0   6.20116448391004127E+00
    4.0   6.70083145565241267E+00
    4.0   7.20050953703488350E+00
    4.0   7.70022542493284323E+00
    4.0   8.20000954078162003E+00
    4.0   8.69988669605620757E+00
    4.0   9.19986534031693104E+00
    4.0   9.69992819810281937E+00
    4.0   1.02000278816165419E+01
    4.0   1.07000913558273432E+01
    4.0   1.12000365395439214E+01
    4.0   1.16998017374444991E+01
    5.0  -1.15055259020271059E+01
    5.0  -1.10069439441329955E+01
    5.0  -1.05084036995311969E+01
    5.0  -1.00099156106281004E+01
    5.0  -9.51147639326307193E+00
    5.0  -9.01306985518338699E+00
    5.0  -8.51467103923770097E+00
    5.0  -8.01625194207318792E+00
    5.0  -7.51778714041228735E+00
    5.0  -7.01925807687896253E+00
    5.0  -6.52065533930893704E+00
    5.0  -6.02197884697252572E+00
    5.0  -5.52323629978295916E+00
    5.0  -5.02444050013501986E+00
    5.0  -4.52560622402571333E+00
    5.0  -4.02674725706874170E+00
    5.0  -3.52787406680710092E+00
    5.0  -3.02899240813602155E+00
    5.0  -2.53010297476669965E+00
    5.0  -2.03120203390276810E+00
    5.0  -1.53228283124946629E+00
    5.0  -1.03333744325923815E+00
    5.0  -5.34358699584457586E-01
    5.0  -3.53418100318332179E-02
    5.0   4.63714598165051284E-01
    5.0   9.62808208931381415E-01
    5.0   1.46193354907333872E+00
    5.0   1.96108322206528940E+00
    5.0   2.46024962456144758E+00
    5.0   2.95942684010222656E+00
    5.0   3.45861235780088716E+00
    5.0   3.95780826481351600E+00
    5.0   4.45702161737435976E+00
    5.0   4.95626380901952235E+00
    5.0   5.45554892224238497E+00
    5.0   5.95489124624143074E+00
    5.0   6.45430233578967893E+00
    5.0   6.95378813282478525E+00
    5.0   7.45334673234410872E+00
    5.0   7.95296733980596571E+00
    5.0   8.45263082677612410E+00
    5.0   8.95231206492635678E+00
    5.0   9.45198390352297402E+00
    5.0   9.95162226065868261E+00
    5.0   1.04512113362948416E+01
    5.0   1.09507475089321549E+01
    5.0   1.14502402342359311E+01
    6.0  -1.12561274727763916E+01
    6.0  -1.07574909733574469E+01
    6.0  -1.02588461489573568E+01
    6.0  -9.76019854823504218E+00
    6.0  -9.26155383074208771E+00
    6.0  -8.76291640098614089E+00
    6.0  -8.26428827471784899E+00
    6.0  -7.76566839599460312E+00
    6.0  -7.26705250680874482E+00
    6.0  -6.76843356244484706E+00
    6.0  -6.26980259204706947E+00
    6.0  -5.77114984182853430E+00
    6.0  -5.27246600640349428E+00
    6.0  -4.77374335718170073E+00
    6.0  -4.27497660858333983E+00
    6.0  -3.77616341604243777E+00
    6.0  -3.27730446032169764E+00
    6.0  -2.77840313331825861E+00
    6.0  -2.27946489111182515E+00
    6.0  -1.78049637454260345E+00
    6.0  -1.28150441849078689E+00
    6.0  -7.82495076610410178E-01
    6.0  -2.83472779009954989E-01
    6.0   2.15560275972941168E-01
    6.0   7.14604424282174744E-01
    6.0   1.21366249505974122E+00
    6.0   1.71273942972371152E+00
    6.0   2.21184160598097801E+00
    6.0   2.71097595205442277E+00
    6.0   3.21014896329718935E+00
    6.0   3.70936575045625849E+00
    6.0   4.20862924469993960E+00
    6.0   4.70793966588593360E+00
    6.0   5.20729432877071652E+00
    6.0   5.70668781869801212E+00
    6.0   6.20611252311225936E+00
    6.0   6.70555946037559636E+00
    6.0   7.20501930550886360E+00
    6.0   7.70448348003653205E+00
    6.0   8.20394515145624226E+00
    6.0   8.70339998413360227E+00
    6.0   9.20284650127346637E+00
    6.0   9.70228596688056300E+00
    6.0   1.02017217733626353E+01
    6.0   1.07011584253395782E+01
    6.0   1.12006003223161663E+01
    7.0  -1.10067246694510885E+01
    7.0  -1.05080749403384068E+01
    7.0  -1.00094081794673624E+01
    7.0  -9.51072472153353310E+00
    7.0  -9.01202537919865598E+00
    7.0  -8.51331135962180063E+00
    7.0  -8.01458413476509079E+00
    7.0  -7.51584527303264061E+00
    7.0  -7.01709624639005458E+00
    7.0  -6.51833823146719915E+00
    7.0  -6.01957192526504858E+00
    7.0  -5.52079739457987895E+00
    7.0  -5.02201397662654525E+00
    7.0  -4.52322024161159941E+00
    7.0  -4.02441402495735634E+00
    7.0  -3.52559252774304710E+00
    7.0  -3.02675247866137642E+00
    7.0  -2.52789034482940922E+00
    7.0  -2.02900257337440282E+00
    7.0  -1.53008584324918662E+00
    7.0  -1.03113730545592963E+00
    7.0  -5.32154790538180711E-01
    7.0  -3.31369652966242434E-02
    7.0   4.65916575041010694E-01
    7.0   9.65005286322889400E-01
    7.0   1.46412772770742805E+00
    7.0   1.96328168110405143E+00
    7.0   2.46246432696527506E+00
    7.0   2.96167246133677020E+00
    7.0   3.46090273572130558E+00
    7.0   3.96015189908376275E+00
    7.0   4.45941702104690041E+00
    7.0   4.95869567625092689E+00
    7.0   5.45798607391742419E+00
    7.0   5.95728712087475731E+00
    7.0   6.45659841259924505E+00
    7.0   6.95592015536220210E+00
    7.0   7.45525302732850381E+00
    7.0   7.95459799642829335E+00
    7.0   8.45395611588797280E+00
    7.0   8.95332832301505732E+00
    7.0   9.45271526593272959E+00
    7.0   9.95211717981857724E+00
    7.0   1.04515338266998530E+01
    7.0   1.09509645026652773E+01
    8.0  -1.07573062706078719E+01
    8.0  -1.02586478357448119E+01
    8.0  -9.75997152938961499E+00
    8.0  -9.26127712748069598E+00
    8.0  -8.76256453540568181E+00
    8.0  -8.26383373745974836E+00
    8.0  -7.76508476046948548E+00
    8.0  -7.26631764978009631E+00
    8.0  -6.76753245618359855E+00
    8.0  -6.26872922987692416E+00
    8.0  -5.76990801953112964E+00
    8.0  -5.27106887320378625E+00
    8.0  -4.77221183965572671E+00
    8.0  -4.27333696827420972E+00
    8.0  -3.77444430808214060E+00
    8.0  -3.27553390518004761E+00
    8.0  -2.77660579934602358E+00
    8.0  -2.27766002106194598E+00
    8.0  -1.77869658896509431E+00
    8.0  -1.27971550846766435E+00
    8.0  -7.80716772060624953E-01
    8.0  -2.81700359666581024E-01
    8.0   2.17333760827644745E-01
    8.0   7.16385634562092810E-01
    8.0   1.21545532198033079E+00
    8.0   1.71454290275470056E+00
    8.0   2.21364848016104920E+00
    8.0   2.71277218637758821E+00
    8.0   3.21191418661761352E+00
    8.0   3.71107468188979217E+00
    8.0   4.21025390806284250E+00
    8.0   4.70945212906305155E+00
    8.0   5.20866962354808205E+00
    8.0   5.70790666374959255E+00
    8.0   6.20716348679837093E+00
    8.0   6.70644026074704236E+00
    8.0   7.20573704695261164E+00
    8.0   7.70505376298099875E+00
    8.0   8.20439014941263345E+00
    8.0   8.70374574528498535E+00
    8.0   9.20311987461407632E+00
    8.0   9.70251164696770729E+00
    8.0   1.02019199715166966E+01
    8.0   1.07013435831639239E+01
    9.0  -1.05078712144090556E+01
    9.0  -1.00092041666152785E+01
    9.0  -9.51051904338589260E+00
    9.0  -9.01181570778868135E+00
    9.0  -8.51309412316489578E+00
    9.0  -8.01435430946306226E+00
    9.0  -7.51559631358623648E+00
    9.0  -7.01682019124345224E+00
    9.0  -6.51802599820580930E+00
    9.0  -6.01921378753452263E+00
    9.0  -5.52038361006425937E+00
    9.0  -5.02153551624883576E+00
    9.0  -4.52266955678599025E+00
    9.0  -4.02378578248241592E+00
    9.0  -3.52488424239962450E+00
    9.0  -3.02596498084386223E+00
    9.0  -2.52702803413159094E+00
    9.0  -2.02807342765668297E+00
    9.0  -1.52910117398663692E+00
    9.0  -1.03011127231935440E+00
    9.0  -5.31103708945050657E-01
    9.0  -3.20784579292558436E-02
    9.0   4.66964519145287582E-01
    9.0   9.66025274748735119E-01
    9.0   1.46510387858957447E+00
    9.0   1.96420042196714473E+00
    9.0   2.46331502277021208E+00
    9.0   2.96244783038934667E+00
    9.0   3.46159902961007804E+00
    9.0   3.96076884172348365E+00
    9.0   4.45995752105519028E+00
    9.0   4.95916534496367678E+00
    9.0   5.45839259645731101E+00
    9.0   5.95763953904508181E+00
    9.0   6.45690638455185617E+00
    9.0   6.95619325685733703E+00
    9.0   7.45550015333100102E+00
    9.0   7.95482690891538713E+00
    9.0   8.45417316644772043E+00
    9.0   8.95353835707041590E+00
    9.0   9.45292169390000048E+00
    9.0   9.95232217975762623E+00
    9.0   1.04517386285129756E+01
   10.0  -1.02584193849831919E+01
   10.0  -9.75974359349863718E+00
   10.0  -9.26104957102645976E+00
   10.0  -8.76233725300514088E+00
   10.0  -8.26360664895707409E+00
   10.0  -7.76485780596118680E+00
   10.0  -7.26609078522624596E+00
   10.0  -6.76730564951895808E+00
   10.0  -6.26850245793971439E+00
   10.0  -5.76968126576273832E+00
   10.0  -5.27084212594088442E+00
   10.0  -4.77198509107817603E+00
   10.0  -4.27311021361119714E+00
   10.0  -3.77421754512618968E+00
   10.0  -3.27530713389873274E+00
   10.0  -2.77637902153311078E+00
   10.0  -2.27743324000003833E+00
   10.0  -1.77846980906508834E+00
   10.0  -1.27948873493953941E+00
   10.0  -7.80490010629314335E-01
   10.0  -2.81473616357167500E-01
   10.0   2.17560479848823568E-01
   10.0   7.16612323156598063E-01
   10.0   1.21568197427736879E+00
   10.0   1.71476951353331608E+00
   10.0   2.21387504542456037E+00
   10.0   2.71299870416330036E+00
   10.0   3.21214065809085714E+00
   10.0   3.71130111267470575E+00
   10.0   4.21048030977999144E+00
   10.0   4.70967852088702177E+00
   10.0   5.20889603359296594E+00
   10.0   5.70813313007859335E+00
   10.0   6.20739005772484642E+00
   10.0   6.70666699444303127E+00
   10.0   7.20596400997937891E+00
   10.0   7.70528102796686643E+00
   10.0   8.20461779190908125E+00
   10.0   8.70397384007952546E+00
   10.0   9.20334849213715778E+00
   10.0   9.70274085016900223E+00
   10.0   1.02021498140961846E+01
   11.0  -1.00089507165147715E+01
   11.0  -9.51026607168203242E+00
   11.0  -9.01156308241028370E+00
   11.0  -8.51284174287877882E+00
   11.0  -8.01410209832614839E+00
   11.0  -7.51534421562124422E+00
   11.0  -7.01656816569470010E+00
   11.0  -6.51777401574902804E+00
   11.0  -6.01896182718356165E+00
   11.0  -5.52013165704545727E+00
   11.0  -5.02128356042395652E+00
   11.0  -4.52241759173297453E+00
   11.0  -4.02353380478883516E+00
   11.0  -3.52463225120869827E+00
   11.0  -3.02571297749060042E+00
   11.0  -2.52677602173935734E+00
   11.0  -2.02782141077402267E+00
   11.0  -1.52884915821584011E+00
   11.0  -1.02985926395544891E+00
   11.0  -5.30851714722021306E-01
   11.0  -3.18264848126919922E-02
   11.0   4.67216464120475905E-01
   11.0   9.66277184687853286E-01
   11.0   1.46535574707414273E+00
   11.0   1.96445224356334180E+00
   11.0   2.46356679381299282E+00
   11.0   2.96269955002411534E+00
   11.0   3.46185070116955451E+00
   11.0   3.96102047438074933E+00
   11.0   4.46020913155010845E+00
   11.0   4.95941695932338167E+00
   11.0   5.45864425138065812E+00
   11.0   5.95789128264724255E+00
   11.0   6.45715827640241358E+00
   11.0   6.95644536684543890E+00
   11.0   7.45575255960173333E+00
   11.0   7.95507969461942821E+00
   11.0   8.45442641589532151E+00
   11.0   8.95379215144535046E+00
   11.0   9.45317610732377744E+00
   11.0   9.95257727630952971E+00
   12.0  -9.75946514985500180E+00
   12.0  -9.26077156096079435E+00
   12.0  -8.76205955032500583E+00
   12.0  -8.26332915845109461E+00
   12.0  -7.76458045718069290E+00
   12.0  -7.26581352697362348E+00
   12.0  -6.76702844492972311E+00
   12.0  -6.26822528077499364E+00
   12.0  -5.76940409752352057E+00
   12.0  -5.27056495384421453E+00
   12.0  -4.77170790677112677E+00
   12.0  -4.27283301227205481E+00
   12.0  -3.77394032490592179E+00
   12.0  -3.27502989548129797E+00
   12.0  -2.77610176774654427E+00
   12.0  -2.27715597541574422E+00
   12.0  -1.77819253957404544E+00
   12.0  -1.27921146736448255E+00
   12.0  -7.80212752385894492E-01
   12.0  -2.81196375206862748E-01
   12.0   2.17837695976620671E-01
   12.0   7.16889506353411088E-01
   12.0   1.21595911693314340E+00
   12.0   1.71504660879259352E+00
   12.0   2.21415208788847151E+00
   12.0   2.71327569088624454E+00
   12.0   3.21241758994603233E+00
   12.0   3.71157799602448213E+00
   12.0   4.21075715839817821E+00
   12.0   4.70995535793431941E+00
   12.0   5.20917289336671097E+00
   12.0   5.70841005928649459E+00
   12.0   6.20766711589618758E+00
   12.0   6.70694425338426825E+00
   12.0   7.20624155195573390E+00
   12.0   7.70555894265474883E+00
   12.0   8.20489617244028757E+00
   12.0   8.70425277823382615E+00
   12.0   9.20362807367443558E+00
   12.0   9.70302115065631199E+00
   13.0  -9.50996263153203358E+00
   13.0  -9.01126002474781984E+00
   13.0  -8.51253894949542378E+00
   13.0  -8.01379948148162136E+00
   13.0  -7.51504171134994969E+00
   13.0  -7.01626572812003602E+00
   13.0  -6.51747161230861405E+00
   13.0  -6.01865943495759304E+00
   13.0  -5.51982926021278608E+00
   13.0  -5.02098114838879450E+00
   13.0  -4.52211515810040510E+00
   13.0  -4.02323134654669357E+00
   13.0  -3.52432976824680111E+00
   13.0  -3.02541047219964154E+00
   13.0  -2.52647349855977499E+00
   13.0  -2.02751887578549184E+00
   13.0  -1.52854661870066133E+00
   13.0  -1.02955672797892839E+00
   13.0  -5.30549190842809826E-01
   13.0  -3.15239818525194088E-02
   13.0   4.67518937248891320E-01
   13.0   9.66579619211305308E-01
   13.0   1.46565813474666973E+00
   13.0   1.96475457726852265E+00
   13.0   2.46386906850879228E+00
   13.0   2.96300176401561099E+00
   13.0   3.46215285779437965E+00
   13.0   3.96132258405743620E+00
   13.0   4.46051121392596883E+00
   13.0   4.95971904540885156E+00
   13.0   5.45894638529221421E+00
   13.0   5.95819352251401835E+00
   13.0   6.45746069444497106E+00
   13.0   6.95674804793695856E+00
   13.0   7.45605559865589917E+00
   13.0   7.95538319255882609E+00
   13.0   8.45473047464237304E+00
   13.0   8.95409686854983811E+00
   13.0   9.45348157074129425E+00
   14.0  -9.26044311301644996E+00
   14.0  -8.76173142943556016E+00
   14.0  -8.26300125607853531E+00
   14.0  -7.76425269409759267E+00
   14.0  -7.26548584637467521E+00
   14.0  -6.76670080659743789E+00
   14.0  -6.26789765663054244E+00
   14.0  -5.76907646814005837E+00
   14.0  -5.27023730616821773E+00
   14.0  -4.77138023259098532E+00
   14.0  -4.27250530728179534E+00
   14.0  -3.77361258808041011E+00
   14.0  -3.27470212861356291E+00
   14.0  -2.77577397504090406E+00
   14.0  -2.27682816303156343E+00
   14.0  -1.77786471515201527E+00
   14.0  -1.27888363958682061E+00
   14.0  -7.79884930586699943E-01
   14.0  -2.80868569102182775E-01
   14.0   2.18165476475509268E-01
   14.0   7.17217251336678574E-01
   14.0   1.21628681679750761E+00
   14.0   1.71537425476399319E+00
   14.0   2.21447967285107739E+00
   14.0   2.71360321056995746E+00
   14.0   3.21274504457975185E+00
   14.0   3.71190539237930972E+00
   14.0   4.21108451212492785E+00
   14.0   4.71028269600177563E+00
   14.0   5.20950025622017154E+00
   14.0   5.70873750239608579E+00
   14.0   6.20799471033609507E+00
   14.0   6.70727208507975625E+00
   14.0   7.20656971951688519E+00
   14.0   7.70588755351250310E+00
   14.0   8.20522533787561059E+00
   14.0   8.70458260739086320E+00
   14.0   9.20395866749812974E+00
   15.0  -9.01090655012674979E+00
   15.0  -8.51218574390498794E+00
   15.0  -8.01344644730867195E+00
   15.0  -7.51468877857144779E+00
   15.0  -7.01591284743329613E+00
   15.0  -6.51711874935374258E+00
   15.0  -6.01830656615523019E+00
   15.0  -5.51947636971151123E+00
   15.0  -5.02062822597534009E+00
   15.0  -4.52176219807697954E+00
   15.0  -4.02287834685111267E+00
   15.0  -3.52397672997836242E+00
   15.0  -3.02505739919825567E+00
   15.0  -2.52612039692972701E+00
   15.0  -2.02716575344610428E+00
   15.0  -1.52819348488972251E+00
   15.0  -1.02920359278371398E+00
   15.0  -5.30196064882005436E-01
   15.0  -3.11708760337691924E-02
   15.0   4.67872011897640327E-01
   15.0   9.66932651780561869E-01
   15.0   1.46601111487508984E+00
   15.0   1.96510749583394961E+00
   15.0   2.46422191873539331E+00
   15.0   2.96335454299329148E+00
   15.0   3.46250556849458491E+00
   15.0   3.96167523780939845E+00
   15.0   4.46086383303862188E+00
   15.0   4.96007166576041225E+00
   15.0   5.45929905848195762E+00
   15.0   5.95854631697426651E+00
   15.0   6.45781369553434015E+00
   15.0   6.95710135623341497E+00
   15.0   7.45640932662211586E+00
   15.0   7.95573745968615587E+00
   15.0   8.45508540111922180E+00
   15.0   8.95445256853589200E+00
   16.0  -8.76135290252025634E+00
   16.0  -8.26262293912818535E+00
   16.0  -7.76387450124269396E+00
   16.0  -7.26510771718658521E+00
   16.0  -6.76632269933184638E+00
   16.0  -6.26751954281703760E+00
   16.0  -5.76869832866129162E+00
   16.0  -5.26985912871548035E+00
   16.0  -4.77100200989582479E+00
   16.0  -4.27212703621992507E+00
   16.0  -3.77323426898522740E+00
   16.0  -3.27432376483871224E+00
   16.0  -2.77539557255818448E+00
   16.0  -2.27644972993031303E+00
   16.0  -1.77748626113133890E+00
   16.0  -1.27850517546831122E+00
   16.0  -7.79506467878547826E-01
   16.0  -2.80490119718110220E-01
   16.0   2.18543900398827512E-01
   16.0   7.17595637629081962E-01
   16.0   1.21666515357517468E+00
   16.0   1.71575253100916725E+00
   16.0   2.21485787936727974E+00
   16.0   2.71398134136544078E+00
   16.0   3.21312309882572888E+00
   16.0   3.71228337686823240E+00
   16.0   4.21146244406632420E+00
   16.0   4.71066060597839709E+00
   16.0   5.20987819082711390E+00
   16.0   5.70911552607179029E+00
   16.0   6.20837290617780724E+00
   16.0   6.70765055384558373E+00
   16.0   7.20694857701452118E+00
   16.0   7.70626692595630836E+00
   16.0   8.20560535558982096E+00
   16.0   8.70496339754733128E+00
   17.0  -8.51178213324048727E+00
   17.0  -8.01304298783766988E+00
   17.0  -7.51428539657200734E+00
   17.0  -7.01550949217507736E+00
   17.0  -6.51671538652276716E+00
   17.0  -6.01790317301057964E+00
   17.0  -5.51907293154332912E+00
   17.0  -5.02022473393768554E+00
   17.0  -4.52135864792872599E+00
   17.0  -4.02247473811440681E+00
   17.0  -3.52357306548593208E+00
   17.0  -3.02465368467893203E+00
   17.0  -2.52571664053875278E+00
   17.0  -2.02676196528326003E+00
   17.0  -1.52778967645171626E+00
   17.0  -1.02879977645651710E+00
   17.0  -5.29792253601356067E-01
   17.0  -3.07670830434084545E-02
   17.0   4.68275773195039435E-01
   17.0   9.67336368054352747E-01
   17.0   1.46641477332546089E+00
   17.0   1.96551108496479765E+00
   17.0   2.46462542962348019E+00
   17.0   2.96375797107425010E+00
   17.0   3.46290891594113459E+00
   17.0   3.96207851647404752E+00
   17.0   4.46126706761998193E+00
   17.0   4.96047489690591448E+00
   17.0   5.45970234538677435E+00
   17.0   5.95894973880141343E+00
   17.0   6.45821735143780895E+00
   17.0   6.95750536345559478E+00
   17.0   7.45681381635224039E+00
   17.0   7.95614257110103740E+00
   17.0   8.45549127375156573E+00
   18.0  -8.26219420830789275E+00
   18.0  -7.76344586424922856E+00
   18.0  -7.26467911248455511E+00
   18.0  -6.76589408571084583E+00
   18.0  -6.26709089315686541E+00
   18.0  -5.76826962566248014E+00
   18.0  -5.26943036195203174E+00
   18.0  -4.77057317395713287E+00
   18.0  -4.27169812989757869E+00
   18.0  -3.77280529455876090E+00
   18.0  -3.27389472772224721E+00
   18.0  -2.77496648091975384E+00
   18.0  -2.27602059416423019E+00
   18.0  -1.77705709333210993E+00
   18.0  -1.27807598889845053E+00
   18.0  -7.79077276493129078E-01
   18.0  -2.80060937886775441E-01
   18.0   2.18973058054490133E-01
   18.0   7.18024756398932817E-01
   18.0   1.21709421897887338E+00
   18.0   1.71618152942075386E+00
   18.0   2.21528679909563087E+00
   18.0   2.71441017424199948E+00
   18.0   3.21355184248687475E+00
   18.0   3.71271203767840907E+00
   18.0   4.21189104043244811E+00
   18.0   4.71108917188268528E+00
   18.0   5.21030677904364925E+00
   18.0   5.70954421032091641E+00
   18.0   6.20880178219752743E+00
   18.0   6.70807973825490311E+00
   18.0   7.20737820403500073E+00
   18.0   7.70669714195110256E+00
   18.0   8.20603631135763045E+00
   19.0  -8.01258909634730365E+00
   19.0  -7.51383154383042307E+00
   19.0  -7.01505562856721809E+00
   19.0  -6.51626147993467786E+00
   19.0  -6.01744920317709120E+00
   19.0  -5.51861888630078212E+00
   19.0  -5.01977060693119004E+00
   19.0  -4.52090443720704727E+00
   19.0  -4.02202044548482718E+00
   19.0  -3.52311869607180705E+00
   19.0  -3.02419924656662076E+00
   19.0  -2.52526214434908347E+00
   19.0  -2.02630742365871175E+00
   19.0  -1.52733510347094659E+00
   19.0  -1.02834518709755174E+00
   19.0  -5.29337663386229895E-01
   19.0  -3.03125078128559239E-02
   19.0   4.68730317390992246E-01
   19.0   9.67790865159471547E-01
   19.0   1.46686920774886498E+00
   19.0   1.96596544242695859E+00
   19.0   2.46507969858452336E+00
   19.0   2.96421214480724693E+00
   19.0   3.46336299531770520E+00
   19.0   3.96253251341806356E+00
   19.0   4.46172100890541312E+00
   19.0   4.96092882787178624E+00
   19.0   5.46015633299577807E+00
   19.0   5.95940387353939016E+00
   19.0   6.45867174722377335E+00
   19.0   6.95796015542422008E+00
   19.0   7.45726915603441398E+00
   19.0   7.95659861904297827E+00
   20.0  -7.76296676824952936E+00
   20.0  -7.26420000311077008E+00
   20.0  -6.76541492474758321E+00
   20.0  -6.26661165699696010E+00
   20.0  -5.76779030044008678E+00
   20.0  -5.26895094036302325E+00
   20.0  -4.77009365350388137E+00
   20.0  -4.27121851206931247E+00
   20.0  -3.77232558421885722E+00
   20.0  -3.27341493287922347E+00
   20.0  -2.77448661238494099E+00
   20.0  -2.27554066502993946E+00
   20.0  -1.77657711843973676E+00
   20.0  -1.27759598426202148E+00
   20.0  -7.78597258793743863E-01
   20.0  -2.79580924213031545E-01
   20.0   2.19453050330738808E-01
   20.0   7.18504709736492053E-01
   20.0   1.21757411596344522E+00
   20.0   1.71666135341787207E+00
   20.0   2.21576653545271673E+00
   20.0   2.71488981209318947E+00
   20.0   3.21403137738352340E+00
   20.0   3.71319147503257385E+00
   20.0   4.21237039943974789E+00
   20.0   4.71156848970253872E+00
   20.0   5.21078611468544217E+00
   20.0   5.71002364728203204E+00
   20.0   6.20928142967569485E+00
   20.0   6.70855973001263006E+00
   20.0   7.20785869447569638E+00
   20.0   7.70717829944597987E+00
   21.0  -7.51332719686782546E+00
   21.0  -7.01455121952984406E+00
   21.0  -6.51575698127273562E+00
   21.0  -6.01694459911638280E+00
   21.0  -5.51811416883660932E+00
   21.0  -5.01926577333390078E+00
   21.0  -4.52039948872156483E+00
   21.0  -4.02151538695041033E+00
   21.0  -3.52261353547795686E+00
   21.0  -3.02369399485026991E+00
   21.0  -2.52475681502868721E+00
   21.0  -2.02580203229171119E+00
   21.0  -1.52682966704992262E+00
   21.0  -1.02783972349023967E+00
   21.0  -5.28832190969343863E-01
   21.0  -2.98070452835724094E-02
   21.0   4.69235751060068984E-01
   21.0   9.68296250870270825E-01
   21.0   1.46737452674148794E+00
   21.0   1.96647067718875168E+00
   21.0   2.46558483443271070E+00
   21.0   2.96471717226997100E+00
   21.0   3.46386791338765931E+00
   21.0   3.96303733357540589E+00
   21.0   4.46222575963709112E+00
   21.0   4.96143355915692208E+00
   21.0   5.46066111985078884E+00
   21.0   5.95990881846830067E+00
   21.0   6.45917698023193676E+00
   21.0   6.95846583130060647E+00
   21.0   7.45777544867436504E+00
   22.0  -7.26367035675007333E+00
   22.0  -6.76488517132220579E+00
   22.0  -6.26608177871965921E+00
   22.0  -5.76726028866058815E+00
   22.0  -5.26842079239827576E+00
   22.0  -4.76956337087884030E+00
   22.0  -4.27068809973349861E+00
   22.0  -3.77179505029268336E+00
   22.0  -3.27288428850362045E+00
   22.0  -2.77395587146331923E+00
   22.0  -2.27500984375615412E+00
   22.0  -1.77604623475819001E+00
   22.0  -1.27706505724852115E+00
   22.0  -7.78066308131337814E-01
   22.0  -2.79049969965969369E-01
   22.0   2.19983987780900975E-01
   22.0   7.19035609726137670E-01
   22.0   1.21810495779502603E+00
   22.0   1.71719211701947083E+00
   22.0   2.21629720269289576E+00
   22.0   2.71542036881941584E+00
   22.0   3.21456181643408234E+00
   22.0   3.71372180025474119E+00
   22.0   4.21290063034359186E+00
   22.0   4.71209866640855157E+00
   22.0   5.21131630249300049E+00
   22.0   5.71055394009229556E+00
   22.0   6.20981195136632902E+00
   22.0   6.70909063314510501E+00
   22.0   7.20839015583219656E+00
   23.0  -7.01399622390880051E+00
   23.0  -6.51520183743799652E+00
   23.0  -6.01638929803136424E+00
   23.0  -5.51755870824888639E+00
   23.0  -5.01871015540258281E+00
   23.0  -4.51984371893246717E+00
   23.0  -4.02095947388585095E+00
   23.0  -3.52205749056147122E+00
   23.0  -3.02313783236573430E+00
   23.0  -2.52420055181545200E+00
   23.0  -2.02524568718861930E+00
   23.0  -1.52627326029264787E+00
   23.0  -1.02728327612548331E+00
   23.0  -5.28275724483000975E-01
   23.0  -2.92505814740800750E-02
   23.0   4.69792190032435386E-01
   23.0   9.68852642548527765E-01
   23.0   1.46793084880039504E+00
   23.0   1.96702690839402927E+00
   23.0   2.46614095637252406E+00
   23.0   2.96527317206008467E+00
   23.0   3.46442378746669899E+00
   23.0   3.96359309238972690E+00
   23.0   4.46278143296301089E+00
   23.0   4.96198920151774736E+00
   23.0   5.46121681480714649E+00
   23.0   5.96046468151046405E+00
   23.0   6.45973315900513345E+00
   23.0   6.95902250257081612E+00
   24.0  -6.76430477563164256E+00
   24.0  -6.26550119749977785E+00
   24.0  -5.76667952057412236E+00
   24.0  -5.26783984086761592E+00
   24.0  -4.76898224249048130E+00
   24.0  -4.27010680374890672E+00
   24.0  -3.77121359879118456E+00
   24.0  -3.27230269625984915E+00
   24.0  -2.77337415590800784E+00
   24.0  -2.27442802458215132E+00
   24.0  -1.77546433335400122E+00
   24.0  -1.27648309604611310E+00
   24.0  -7.77484310074103568E-01
   24.0  -2.78467958328791232E-01
   24.0   2.20565989368064264E-01
   24.0   7.19617577198019442E-01
   24.0   1.21868686681841076E+00
   24.0   1.71777394363199520E+00
   24.0   2.21687892471353099E+00
   24.0   2.71600196813709482E+00
   24.0   3.21514328245322423E+00
   24.0   3.71430313454032701E+00
   24.0   4.21348185213369852E+00
   24.0   4.71267981857169360E+00
   24.0   5.21189745681400929E+00
   24.0   5.71113520157024723E+00
   24.0   6.21039346003083459E+00
   24.0   6.70967256266784240E+00
   25.0  -6.51459599033380865E+00
   25.0  -6.01578323179506036E+00
   25.0  -5.51695242821518050E+00
   25.0  -5.01810366998769819E+00
   25.0  -4.51923703878711169E+00
   25.0  -4.02035261196110394E+00
   25.0  -3.52145046232888914E+00
   25.0  -3.02253065593804848E+00
   25.0  -2.52359324774591354E+00
   25.0  -2.02463827794909834E+00
   25.0  -1.52566576967561840E+00
   25.0  -1.02667572862156198E+00
   25.0  -5.27668144911954906E-01
   25.0  -2.86429949499244739E-02
   25.0   4.70399757922045303E-01
   25.0   9.69460165682468955E-01
   25.0   1.46853830088080439E+00
   25.0   1.96763426393703789E+00
   25.0   2.46674819258441724E+00
   25.0   2.96588027188023018E+00
   25.0   3.46503074397560562E+00
   25.0   3.96419991430896124E+00
   25.0   4.46338815093794938E+00
   25.0   4.96259587445690276E+00
   25.0   5.46182353530774645E+00
   25.0   5.96107157936731191E+00
   25.0   6.46034040164053813E+00
   26.0  -6.26486984745480058E+00
   26.0  -5.76604792130289923E+00
   26.0  -5.26720800342042050E+00
   26.0  -4.76835017968151043E+00
   26.0  -4.26947453000160149E+00
   26.0  -3.77058113066771794E+00
   26.0  -3.27167005262273936E+00
   26.0  -2.77274135814932965E+00
   26.0  -2.27379509627143195E+00
   26.0  -1.77483129963647945E+00
   26.0  -1.27584998297941787E+00
   26.0  -7.76851144090088153E-01
   26.0  -2.77834766109700593E-01
   26.0   2.21199180742869678E-01
   26.0   7.20250740009386159E-01
   26.0   1.21931997275254478E+00
   26.0   1.71840696436491003E+00
   26.0   2.21751183338993219E+00
   26.0   2.71663474191750121E+00
   26.0   3.21577590647272871E+00
   26.0   3.71493560726802174E+00
   26.0   4.21411419183066194E+00
   26.0   4.71331207045028755E+00
   26.0   5.21252969943151978E+00
   26.0   5.71176755204522291E+00
   26.0   6.21102607639914250E+00
   27.0  -6.01512632740096986E+00
   27.0  -5.51629524775336311E+00
   27.0  -5.01744622937028506E+00
   27.0  -4.51857935474194683E+00
   27.0  -4.01969470250010286E+00
   27.0  -3.52079234750794212E+00
   27.0  -3.02187235805135046E+00
   27.0  -2.52293479140488808E+00
   27.0  -2.02397968959432584E+00
   27.0  -1.52500707694183002E+00
   27.0  -1.02601695967004791E+00
   27.0  -5.27009328077219452E-01
   27.0  -2.79841588290343848E-02
   27.0   4.71058584116814616E-01
   27.0   9.70118951887768088E-01
   27.0   1.46919701641846423E+00
   27.0   1.96829287850639845E+00
   27.0   2.46740667828056104E+00
   27.0   2.96653860660006297E+00
   27.0   3.46568891648120259E+00
   27.0   3.96485793067644998E+00
   27.0   4.46404604213542466E+00
   27.0   4.96325370373210983E+00
   27.0   5.46248140492264778E+00
   27.0   5.96172963494638974E+00
   28.0  -5.76536541153485693E+00
   28.0  -5.26652519371738670E+00
   28.0  -4.76766709009044920E+00
   28.0  -4.26879118080203757E+00
   28.0  -3.76989754337279459E+00
   28.0  -3.27098625068228444E+00
   28.0  -2.77205736726884577E+00
   28.0  -2.27311094418848336E+00
   28.0  -1.77414701551669607E+00
   28.0  -1.27516559673957319E+00
   28.0  -7.76166685831956360E-01
   28.0  -2.77150266061887141E-01
   28.0   2.21883691907917180E-01
   28.0   7.20935230710881836E-01
   28.0   1.22000441037045815E+00
   28.0   1.71909131572874063E+00
   28.0   2.21819606628862731E+00
   28.0   2.71731882788956014E+00
   28.0   3.21645982534710662E+00
   28.0   3.71561935340137284E+00
   28.0   4.21479778176220421E+00
   28.0   4.71399555126083580E+00
   28.0   5.21321315668125962E+00
   28.0   5.71245111613021717E+00
   29.0  -5.51558708221163485E+00
   29.0  -5.01673774272542428E+00
   29.0  -4.51787057059311437E+00
   29.0  -4.01898564444793127E+00
   29.0  -3.52008304051314314E+00
   29.0  -3.02116282893882548E+00
   29.0  -2.52222506918930600E+00
   29.0  -2.02326980497332398E+00
   29.0  -1.52429706161149792E+00
   29.0  -1.02530684562807028E+00
   29.0  -5.26299147290373082E-01
   29.0  -2.72739434763414230E-02
   29.0   4.71768801064321175E-01
   29.0   9.70829136189455211E-01
   29.0   1.46990713261584327E+00
   29.0   1.96900289086523905E+00
   29.0   2.46811655293414978E+00
   29.0   2.96724831538068523E+00
   29.0   3.46639844273750519E+00
   29.0   3.96556727678645560E+00
   29.0   4.46475523855006529E+00
   29.0   4.96396281787827576E+00
   29.0   5.46319054945525107E+00
   30.0  -5.26579132286219576E+00
   30.0  -4.76693287941217392E+00
   30.0  -4.26805665702556425E+00
   30.0  -3.76916273332141261E+00
   30.0  -3.27025118269647130E+00
   30.0  -2.77132207157486610E+00
   30.0  -2.27237545296129984E+00
   30.0  -1.77341136219660811E+00
   30.0  -1.27442981529311683E+00
   30.0  -7.75430810143025395E-01
   30.0  -2.76414329962214766E-01
   30.0   2.22619654089765528E-01
   30.0   7.21671183388643223E-01
   30.0   1.22074031632130975E+00
   30.0   1.71982713643265872E+00
   30.0   2.21893176343266907E+00
   30.0   2.71805436639456444E+00
   30.0   3.21719517852938708E+00
   30.0   3.71635451017613816E+00
   30.0   4.21553275587327647E+00
   30.0   4.71473039105708391E+00
   30.0   5.21394795496054453E+00
   31.0  -5.01597811812132921E+00
   31.0  -4.51711058968477097E+00
   31.0  -4.01822533682196870E+00
   31.0  -3.51932243621742025E+00
   31.0  -3.02040195963058267E+00
   31.0  -2.52146396846579357E+00
   31.0  -2.02250850798201887E+00
   31.0  -1.52353560428217061E+00
   31.0  -1.02454526391752809E+00
   31.0  -5.25537476846542395E-01
   31.0  -2.65122200704058474E-02
   31.0   4.72530540654938713E-01
   31.0   9.71590853376408714E-01
   31.0   1.47066878679061075E+00
   31.0   1.96976444022056341E+00
   31.0   2.46887795667480470E+00
   31.0   2.96800953800699041E+00
   31.0   3.46715946072992853E+00
   31.0   3.96632808754210808E+00
   31.0   4.46551587091785240E+00
   31.0   4.96472334316910757E+00
   32.0  -4.76614745399814943E+00
   32.0  -4.26727086091075503E+00
   32.0  -3.76837659885352982E+00
   32.0  -3.26946474318504521E+00
   32.0  -2.77053536197607153E+00
   32.0  -2.27158851009396923E+00
   32.0  -1.77262422393724228E+00
   32.0  -1.27364251975734732E+00
   32.0  -7.74643395022918679E-01
   32.0  -2.75626832652983211E-01
   32.0   2.23407195643203382E-01
   32.0   7.22458729542187483E-01
   32.0   1.22152782500649071E+00
   32.0   1.72061456325968809E+00
   32.0   2.21971906311604350E+00
   32.0   2.71884149601532776E+00
   32.0   3.21798210341375368E+00
   32.0   3.71714121223596772E+00
   32.0   4.21631924455021245E+00
   32.0   4.71551671511593806E+00
   33.0  -4.51629931808528617E+00
   33.0  -4.01741368212101069E+00
   33.0  -3.51851043357364857E+00
   33.0  -3.01958964562797272E+00
   33.0  -2.52065138136555733E+00
   33.0  -2.02169568756942475E+00
   33.0  -1.52272259085052908E+00
   33.0  -1.02373209742233451E+00
   33.0  -5.24724196552061706E-01
   33.0  -2.56988652230412118E-02
   33.0   4.73343929537972885E-01
   33.0   9.72404233263004070E-01
   33.0   1.47148211156532960E+00
   33.0   1.97057766129920475E+00
   33.0   2.46969102522224659E+00
   33.0   2.96882240970764100E+00
   33.0   3.46797210336081152E+00
   33.0   3.96714049172840477E+00
   33.0   4.46632806246031411E+00
   34.0  -4.26643369980092313E+00
   34.0  -3.76753904422182861E+00
   34.0  -3.26862683315862723E+00
   34.0  -2.76969713638952397E+00
   34.0  -2.27075001044848745E+00
   34.0  -1.77178549266441143E+00
   34.0  -1.27280359918183383E+00
   34.0  -7.73804326598078629E-01
   34.0  -2.74787657180846467E-01
   34.0   2.24246436774892199E-01
   34.0   7.23297992696062653E-01
   34.0   1.22236706309971277E+00
   34.0   1.72145372552185805E+00
   34.0   2.22055809632232526E+00
   34.0   2.71968034794251246E+00
   34.0   3.21882072943734787E+00
   34.0   3.71797958526919903E+00
   34.0   4.21715736768796035E+00
   35.0  -4.01655059065746745E+00
   35.0  -3.51764694020884727E+00
   35.0  -3.01872579164661170E+00
   35.0  -2.51978720981353277E+00
   35.0  -2.02083124295896921E+00
   35.0  -1.52185791788612268E+00
   35.0  -1.02286724001859475E+00
   35.0  -5.23859197417564038E-01
   35.0  -2.48337668207521366E-02
   35.0   4.74209083164158940E-01
   35.0   9.73269394656312570E-01
   35.0   1.47234722879430624E+00
   35.0   1.97144267822533892E+00
   35.0   2.47055588361122869E+00
   35.0   2.96968705452090598E+00
   35.0   3.46883649145113271E+00
   35.0   3.96800460440858860E+00
   36.0  -3.76664998454772171E+00
   36.0  -3.26773736537489645E+00
   36.0  -2.76880730507219841E+00
   36.0  -2.26985986179308252E+00
   36.0  -1.77089507378737188E+00
   36.0  -1.27191295660590220E+00
   36.0  -7.72913505381588872E-01
   36.0  -2.73896701221218619E-01
   36.0   2.25137482992500443E-01
   36.0   7.24189081752001584E-01
   36.0   1.22325814280918110E+00
   36.0   1.72234473819922473E+00
   36.0   2.22144897965854859E+00
   36.0   2.72057103865036209E+00
   36.0   3.21971117049351641E+00
   36.0   3.71886973775355489E+00
   37.0  -3.51673187803802456E+00
   37.0  -3.01781031750478235E+00
   37.0  -2.51887137158726571E+00
   37.0  -2.01991508983262102E+00
   37.0  -1.52094149905388165E+00
   37.0  -1.02195060326530607E+00
   37.0  -5.22942388598659158E-01
   37.0  -2.39168311732771630E-02
   37.0   4.75126098467021751E-01
   37.0   9.74186437887825551E-01
   37.0   1.47326424195291339E+00
   37.0   1.97235959676744832E+00
   37.0   2.47147263831518771E+00
   37.0   2.97060357709422940E+00
   37.0   3.46975272487773090E+00
   38.0  -3.26679627065486056E+00
   38.0  -2.76786579705057445E+00
   38.0  -2.26891799155451990E+00
   38.0  -1.76995289313631488E+00
   38.0  -1.27097051621825652E+00
   38.0  -7.71970853693499270E-01
   38.0  -2.72953884753044551E-01
   38.0   2.26080417212338264E-01
   38.0   7.25132082922317900E-01
   38.0   1.22420115368074822E+00
   38.0   1.72328769364690304E+00
   38.0   2.22239180692484384E+00
   38.0   2.72151366102675984E+00
   38.0   3.22065351556890178E+00
   39.0  -3.01684316514926465E+00
   39.0  -2.51790380728018182E+00
   39.0  -2.01894716760926096E+00
   39.0  -1.51997327270880267E+00
   39.0  -1.02098212427899648E+00
   39.0  -5.21973705539228505E-01
   39.0  -2.29479913888741144E-02
   39.0   4.76095045302586839E-01
   39.0   9.75155436107227103E-01
   39.0   1.47423322729802320E+00
   39.0   1.97332849527255028E+00
   39.0   2.47244136779574930E+00
   39.0   2.97157205296674709E+00
   40.0  -2.76687256772017243E+00
   40.0  -2.26792435438767059E+00
   40.0  -1.76895890469907058E+00
   40.0  -1.26997623144939453E+00
   40.0  -7.70976324100268950E-01
   40.0  -2.71959158796802547E-01
   40.0   2.27075290783279732E-01
   40.0   7.26127050553575626E-01
   40.0   1.22519615322816566E+00
   40.0   1.72428265199889674E+00
   40.0   2.22338663934730629E+00
   40.0   2.72250827439276133E+00
   41.0  -2.51688448817536248E+00
   41.0  -2.01792744754870412E+00
   41.0  -1.51895321011567197E+00
   41.0  -1.01996177426117018E+00
   41.0  -5.20953118858098252E-01
   41.0  -2.19272165714501643E-02
   41.0   4.77115956999552449E-01
   41.0   9.76176425621128052E-01
   41.0   1.47525422406529882E+00
   41.0   1.97434941482431525E+00
   41.0   2.47346211229136070E+00
   42.0  -2.26687894000550649E+00
   42.0  -1.76791309890100123E+00
   42.0  -1.26893009351772990E+00
   42.0  -7.69929908255706508E-01
   42.0  -2.70912514569334184E-01
   42.0   2.28122114077995347E-01
   42.0   7.27173997528649196E-01
   42.0   1.22624315723205557E+00
   42.0   1.72532963135462603E+00
   42.0   2.22443349528152678E+00
   43.0  -2.01685594034270288E+00
   43.0  -1.51788132343287518E+00
   43.0  -1.01888956692607535E+00
   43.0  -5.19880643128704634E-01
   43.0  -2.08545208569488431E-02
   43.0   4.78188821142273179E-01
   43.0   9.77249396517159030E-01
   43.0   1.47632722486235313E+00
   43.0   1.97542234931631766E+00
   44.0  -1.76681550976910473E+00
   44.0  -1.26783213876645284E+00
   44.0  -7.68831644695129546E-01
   44.0  -2.69813991661051189E-01
   44.0   2.29220848077285155E-01
   44.0   7.28272886632584049E-01
   44.0   1.22734213089715594E+00
   44.0   1.72642859894422407E+00
   45.0  -1.51675767193360111E+00
   45.0  -1.01776556482098379E+00
   45.0  -5.18756343539496734E-01
   45.0  -1.97299703464757954E-02
   45.0   4.79313572467003957E-01
   45.0   9.78374285476088734E-01
   45.0   1.47745216866110107E+00
   46.0  -1.26668245292444825E+00
   46.0  -7.67681623335917496E-01
   46.0  -2.68663682718466301E-01
   46.0   2.30371399702621493E-01
   46.0   7.29423625928086294E-01
   46.0   1.22849298433407861E+00
   47.0  -1.01658988033147657E+00
   47.0  -5.17580337256641099E-01
   47.0  -1.85536844126430733E-02
   47.0   4.80490091755073789E-01
   47.0   9.79550974667563912E-01
   48.0  -7.66479981906372565E-01
   48.0  -2.67461730075229720E-01
   48.0   2.31573625610124401E-01
   48.0   7.30626072660350845E-01
   49.0  -5.16352783684212890E-01
   49.0  -1.73258253647916582E-02
   49.0   4.81718216963184176E-01
   50.0  -2.66208307354577234E-01
   50.0   2.32827352979936120E-01
   51.0  -1.60465665489506436E-02
