#               time [ns]          Re(ampl) [Vpcm]          Im(ampl) [Vpcm]
  5.00000000000000028E-02  1.35285939197407579E-06  1.06472343242075282E-07
  1.50000000000000022E-01  1.18739741434679764E-05  2.85068897771317571E-06
  2.50000000000000000E-01  3.13281349647864262E-05  1.29765383862693034E-05
  3.50000000000000033E-01  5.66404512656100100E-05  3.47093131761672189E-05
  4.50000000000000011E-01  8.34467720591720061E-05  7.12702762800112796E-05
  5.50000000000000044E-01  1.06377909738137268E-04  1.24552529460856881E-04
  6.50000000000000022E-01  1.19416567918547174E-04  1.94870127829010841E-04
  7.50000000000000000E-01  1.16309310686115520E-04  2.80795515288685986E-04
  8.50000000000000089E-01  9.10129697852311257E-05  3.79096302121669090E-04
  9.50000000000000067E-01  3.81528409215496622E-05  4.84777808015914090E-04
  1.05000000000000004E+00 -4.65310339217022990E-05  5.91232843595040089E-04
  1.15000000000000013E+00 -1.65773208831914489E-04  6.90495108634724434E-04
  1.25000000000000000E+00 -3.20430459489975874E-04  7.73587561098142509E-04
  1.35000000000000009E+00 -5.09208268761673867E-04  8.30952372478667846E-04
  1.45000000000000018E+00 -7.28483710963422505E-04  8.52944836901575938E-04
  1.55000000000000004E+00 -9.72238391171500408E-04  8.30370031565653174E-04
  1.64999999999999991E+00 -1.23211051832405600E-03  7.55038296704482683E-04
  1.75000000000000022E+00 -1.49757009674229466E-03  6.20313844675045886E-04
  1.84999999999999987E+00 -1.75621581251841343E-03  4.21630112946299489E-04
  1.95000000000000040E+00 -1.99418668727587749E-03  1.56945896015542519E-04
  2.04999999999999982E+00 -2.19667619783579706E-03 -1.72882166110689158E-04
  2.15000000000000036E+00 -2.34853154071996409E-03 -5.63832537956562765E-04
  2.25000000000000000E+00 -2.43491626943330213E-03 -1.00857534204217350E-03
  2.35000000000000053E+00 -2.44201084567146481E-03 -1.49646617087373672E-03
  2.45000000000000018E+00 -2.35772289199301854E-03 -2.01368558372630154E-03
  2.55000000000000027E+00 -2.17237724852835509E-03 -2.54352695887217779E-03
  2.64999999999999991E+00 -1.87935541608341152E-03 -3.06682930645033958E-03
  2.75000000000000044E+00 -1.47565466496014886E-03 -3.56254550552592003E-03
  2.85000000000000009E+00 -9.62339008943225056E-04 -4.00843045270024394E-03
  2.95000000000000018E+00 -3.44857345712737851E-04 -4.38182803939984183E-03
  3.04999999999999982E+00  3.66791739751442169E-04 -4.66053094081957109E-03
  3.15000000000000036E+00  1.15806385577450809E-03 -4.82368311220757531E-03
  3.25000000000000000E+00  2.01005077035132851E-03 -4.85269183084067329E-03
  3.35000000000000053E+00  2.89984333742334885E-03 -4.73211424258346974E-03
  3.45000000000000018E+00  3.80107138073463397E-03 -4.45048277689594294E-03
  3.55000000000000027E+00  4.68460955974514710E-03 -4.00103454391584172E-03
  3.64999999999999991E+00  5.51943143398859245E-03 -3.38231193283253023E-03
  3.75000000000000044E+00  6.27358756109814512E-03 -2.59860505254199802E-03
  3.85000000000000009E+00  6.91527776158404762E-03 -1.66021130369542599E-03
  3.95000000000000062E+00  7.41398289316641187E-03 -5.83493108060717958E-04
  4.04999999999999982E+00  7.74161780361769421E-03  6.09278534728560899E-04
  4.15000000000000036E+00  7.87366474188530389E-03  1.89029966064468741E-03
  4.25000000000000000E+00  7.79024552773682072E-03  3.22682535180493371E-03
  4.35000000000000053E+00  7.47709128663632833E-03  4.58196743344496150E-03
  4.45000000000000018E+00  6.92637057296054386E-03  5.91567932672811686E-03
  4.55000000000000071E+00  6.13734020065102165E-03  7.18590211101729527E-03
  4.65000000000000036E+00  5.11678799137863221E-03  8.34983911641153792E-03
  4.75000000000000089E+00  3.87924279942866322E-03  9.36532057811885477E-03
  4.85000000000000053E+00  2.44693439463036615E-03  1.01922152713801641E-02
  4.95000000000000018E+00  8.49493851967739080E-04  1.07938428052237988E-02
  5.04999999999999982E+00 -8.76606254044839136E-04  1.11383385369050094E-02
  5.15000000000000036E+00 -2.68886361019955158E-03  1.11999229773687183E-02
  5.25000000000000000E+00 -4.53979271260330965E-03  1.09600291371294498E-02
  5.35000000000000053E+00 -6.37818043237223849E-03  1.04082444993784870E-02
  5.45000000000000018E+00 -8.15051686261301749E-03  9.54302913218338204E-03
  5.55000000000000071E+00 -9.80256067024013085E-03  8.37217773653592227E-03
  5.65000000000000036E+00 -1.12809923291536992E-02  6.91300099030591267E-03
  5.75000000000000089E+00 -1.25351041875114821E-02  5.19221016022704436E-03
  5.85000000000000053E+00 -1.35184735068635802E-02  3.24549834418523184E-03
  5.95000000000000018E+00 -1.41905635385111157E-02  1.11682157128403336E-03
  6.04999999999999982E+00 -1.45181984489623946E-02 -1.14260699795186958E-03
  6.15000000000000036E+00 -1.44768604871648356E-02 -3.47558670113448523E-03
  6.25000000000000000E+00 -1.40517621541501655E-02 -5.82043045948997789E-03
  6.35000000000000053E+00 -1.32386521818014368E-02 -8.11265649091833657E-03
  6.45000000000000018E+00 -1.20443216834555337E-02 -1.02868225193481939E-02
  6.54999999999999982E+00 -1.04867856825294082E-02 -1.22784484663047248E-02
  6.65000000000000124E+00 -8.59512508632752532E-03 -1.40259693732065586E-02
  6.75000000000000089E+00 -6.40898474168065477E-03 -1.54726578844076260E-02
  6.85000000000000053E+00 -3.97773414905540964E-03 -1.65684551365413019E-02
  6.95000000000000018E+00 -1.35930836626115882E-03 -1.72716504013092388E-02
  7.05000000000000071E+00  1.38124276029984974E-03 -1.75503533027289715E-02
  7.15000000000000036E+00  4.17345899588668096E-03 -1.73837077960486419E-02
  7.25000000000000000E+00  6.94338084707182401E-03 -1.67628042097223845E-02
  7.34999999999999964E+00  9.61561300766744856E-03 -1.56912543093396945E-02
  7.45000000000000107E+00  1.21154798147356853E-02 -1.41854042843285039E-02
  7.55000000000000071E+00  1.43712083512076514E-02 -1.22741714795377502E-02
  7.65000000000000036E+00  1.63160727701185601E-02 -9.99850225287713876E-03
  7.75000000000000000E+00  1.78904334458150002E-02 -7.41046016998981628E-03
  7.85000000000000142E+00  1.90436067080289179E-02 -4.57196546687335757E-03
  7.95000000000000107E+00  1.97355051442930120E-02 -1.55321793990191668E-03
  8.05000000000000071E+00  1.99379946548529363E-02  1.56915420999704440E-03
  8.15000000000000036E+00  1.96359224362304720E-02  4.71416789188360257E-03
  8.25000000000000178E+00  1.88277796185060131E-02  7.79872166735692818E-03
  8.35000000000000142E+00  1.75259730974659834E-02  1.07399301270463769E-02
  8.45000000000000107E+00  1.57566928520291756E-02  1.34574870316983824E-02
  8.55000000000000071E+00  1.35593733523006327E-02  1.58759864062990898E-02
  8.65000000000000036E+00  1.09857601549892010E-02  1.79271312433113596E-02
  8.75000000000000000E+00  8.09860505254201592E-03  1.95517621541501548E-02
  8.84999999999999964E+00  4.97002479599800533E-03  2.07016431401141586E-02
  8.94999999999999929E+00  1.67956907209090693E-03  2.13409484985337648E-02
  9.05000000000000071E+00 -1.68794726509103655E-03  2.14474035341129000E-02
  9.15000000000000036E+00 -5.04478503504466637E-03  2.10130419466272172E-02
  9.25000000000000000E+00 -8.30272620134585651E-03  2.00445541999596209E-02
  9.34999999999999964E+00 -1.13755518558323072E-02  1.85632134879610243E-02
  9.45000000000000107E+00 -1.41814791535258989E-02  1.66043787137398237E-02
  9.55000000000000071E+00 -1.66454844711414890E-02  1.42165867869840437E-02
  9.65000000000000036E+00 -1.87014431645244165E-02  1.14602591105747113E-02
  9.75000000000000000E+00 -2.02940215802835111E-02  8.40605897364572405E-03
  9.85000000000000142E+00 -2.13802642746054143E-02  5.13294731585220865E-03
  9.95000000000000107E+00 -2.19308284827368291E-02  1.72599363366936947E-03
  1.00500000000000007E+01 -2.19321813421288099E-02 -1.72610010601258494E-03
  1.01500000000000004E+01 -2.13921382487488911E-02 -5.13579800482989474E-03
  1.02500000000000018E+01 -2.03253497152482941E-02 -8.41903551203200540E-03
  1.03500000000000014E+01 -1.87580836157900388E-02 -1.14949684237508516E-02
  1.04500000000000011E+01 -1.67289312432006808E-02 -1.42878570632640357E-02
  1.05500000000000007E+01 -1.42878570632640877E-02 -1.67289312432006357E-02
  1.06500000000000004E+01 -1.14949684237508464E-02 -1.87580836157900423E-02
  1.07500000000000000E+01 -8.41903551203199499E-03 -2.03253497152482976E-02
  1.08499999999999996E+01 -5.13579800482992337E-03 -2.13921382487488841E-02
  1.09499999999999993E+01 -1.72610010601265194E-03 -2.19321813421288064E-02
  1.10500000000000007E+01  1.72610010601262245E-03 -2.19321813421288099E-02
  1.11500000000000004E+01  5.13579800482989388E-03 -2.13921382487488911E-02
  1.12500000000000000E+01  8.41903551203197070E-03 -2.03253497152483080E-02
  1.13499999999999996E+01  1.14949684237508187E-02 -1.87580836157900596E-02
  1.14500000000000011E+01  1.42878570632640634E-02 -1.67289312432006565E-02
  1.15500000000000007E+01  1.67289312432006634E-02 -1.42878570632640582E-02
  1.16500000000000004E+01  1.87580836157900215E-02 -1.14949684237508794E-02
  1.17500000000000000E+01  2.03253497152482802E-02 -8.41903551203203489E-03
  1.18500000000000014E+01  2.13921382487488911E-02 -5.13579800482988607E-03
  1.19500000000000011E+01  2.19321813421288099E-02 -1.72610010601261465E-03
  1.20500000000000007E+01  2.19321813421288099E-02  1.72610010601258212E-03
  1.21500000000000004E+01  2.13921382487488980E-02  5.13579800482985484E-03
  1.22500000000000018E+01  2.03253497152482941E-02  8.41903551203200366E-03
  1.23500000000000014E+01  1.87580836157900388E-02  1.14949684237508499E-02
  1.24500000000000011E+01  1.67289312432006843E-02  1.42878570632640339E-02
  1.25500000000000007E+01  1.42878570632640877E-02  1.67289312432006357E-02
  1.26500000000000021E+01  1.14949684237508464E-02  1.87580836157900423E-02
  1.27500000000000018E+01  8.41903551203199846E-03  2.03253497152482976E-02
  1.28500000000000014E+01  5.13579800482992597E-03  2.13921382487488841E-02
  1.29500000000000011E+01  1.72610010601265476E-03  2.19321813421288064E-02
  1.30500000000000007E+01 -1.72610010601261985E-03  2.19321813421288099E-02
  1.31500000000000004E+01 -5.13579800482989214E-03  2.13921382487488911E-02
  1.32500000000000000E+01 -8.41903551203196723E-03  2.03253497152483080E-02
  1.33499999999999996E+01 -1.14949684237508169E-02  1.87580836157900631E-02
  1.34499999999999993E+01 -1.42878570632640027E-02  1.67289312432007085E-02
  1.35499999999999989E+01 -1.67289312432006634E-02  1.42878570632640617E-02
  1.36500000000000021E+01 -1.87580836157900215E-02  1.14949684237508811E-02
  1.37500000000000018E+01 -2.03253497152483115E-02  8.41903551203196550E-03
  1.38500000000000014E+01 -2.13921382487488911E-02  5.13579800482988867E-03
  1.39500000000000011E+01 -2.19321813421288099E-02  1.72610010601261703E-03
  1.40500000000000007E+01 -2.19321813421288099E-02 -1.72610010601257930E-03
  1.41500000000000004E+01 -2.13921382487488980E-02 -5.13579800482985224E-03
  1.42500000000000000E+01 -2.03253497152483288E-02 -8.41903551203192907E-03
  1.43499999999999996E+01 -1.87580836157900423E-02 -1.14949684237508482E-02
  1.44500000000000028E+01 -1.67289312432006877E-02 -1.42878570632640322E-02
  1.45500000000000025E+01 -1.42878570632640322E-02 -1.67289312432006877E-02
  1.46500000000000021E+01 -1.14949684237508482E-02 -1.87580836157900423E-02
  1.47500000000000018E+01 -8.41903551203200019E-03 -2.03253497152482976E-02
  1.48500000000000014E+01 -5.13579800482992857E-03 -2.13921382487488772E-02
  1.49500000000000011E+01 -1.72610010601265715E-03 -2.19321813421288064E-02
  1.50500000000000007E+01  1.72610010601253897E-03 -2.19321813421288203E-02
  1.51500000000000004E+01  5.13579800482988867E-03 -2.13921382487488911E-02
  1.52500000000000018E+01  8.41903551203196550E-03 -2.03253497152483115E-02
  1.53500000000000014E+01  1.14949684237508811E-02 -1.87580836157900215E-02
  1.54500000000000011E+01  1.42878570632640617E-02 -1.67289312432006634E-02
  1.55500000000000007E+01  1.67289312432006600E-02 -1.42878570632640634E-02
  1.56500000000000004E+01  1.87580836157900215E-02 -1.14949684237508828E-02
  1.57500000000000000E+01  2.03253497152482768E-02 -8.41903551203204009E-03
  1.58499999999999996E+01  2.13921382487488702E-02 -5.13579800482996760E-03
  1.59499999999999993E+01  2.19321813421288099E-02 -1.72610010601261985E-03
  1.60500000000000007E+01  2.19321813421288099E-02  1.72610010601257670E-03
  1.61500000000000021E+01  2.13921382487488841E-02  5.13579800482992597E-03
  1.62500000000000000E+01  2.03253497152482976E-02  8.41903551203199846E-03
  1.63500000000000014E+01  1.87580836157900423E-02  1.14949684237508464E-02
  1.64499999999999993E+01  1.67289312432006877E-02  1.42878570632640305E-02
  1.65500000000000007E+01  1.42878570632640912E-02  1.67289312432006322E-02
  1.66499999999999986E+01  1.14949684237509193E-02  1.87580836157899972E-02
  1.67500000000000000E+01  8.41903551203200366E-03  2.03253497152482941E-02
  1.68500000000000014E+01  5.13579800482993030E-03  2.13921382487488772E-02
  1.69500000000000028E+01  1.72610010601258212E-03  2.19321813421288099E-02
  1.70500000000000007E+01 -1.72610010601261465E-03  2.19321813421288099E-02
  1.71500000000000021E+01 -5.13579800482988607E-03  2.13921382487488911E-02
  1.72500000000000000E+01 -8.41903551203196203E-03  2.03253497152483115E-02
  1.73500000000000014E+01 -1.14949684237508117E-02  1.87580836157900631E-02
  1.74499999999999993E+01 -1.42878570632640010E-02  1.67289312432007155E-02
  1.75500000000000007E+01 -1.67289312432006565E-02  1.42878570632640634E-02
  1.76500000000000021E+01 -1.87580836157900180E-02  1.14949684237508828E-02
  1.77500000000000036E+01 -2.03253497152483080E-02  8.41903551203197070E-03
  1.78500000000000014E+01 -2.13921382487488911E-02  5.13579800482989388E-03
  1.79500000000000028E+01 -2.19321813421288099E-02  1.72610010601262245E-03
  1.80500000000000007E+01 -2.19321813421288168E-02 -1.72610010601257410E-03
  1.81500000000000021E+01 -2.13921382487488980E-02 -5.13579800482984704E-03
  1.82500000000000000E+01 -2.03253497152483288E-02 -8.41903551203192387E-03
  1.83500000000000014E+01 -1.87580836157900423E-02 -1.14949684237508464E-02
  1.84500000000000028E+01 -1.67289312432006877E-02 -1.42878570632640270E-02
  1.85500000000000007E+01 -1.42878570632640357E-02 -1.67289312432006808E-02
  1.86500000000000021E+01 -1.14949684237508516E-02 -1.87580836157900388E-02
  1.87500000000000000E+01 -8.41903551203200540E-03 -2.03253497152482941E-02
  1.88500000000000014E+01 -5.13579800482993377E-03 -2.13921382487488772E-02
  1.89499999999999993E+01 -1.72610010601266257E-03 -2.19321813421288064E-02
  1.90500000000000007E+01  1.72610010601253398E-03 -2.19321813421288203E-02
  1.91499999999999986E+01  5.13579800482988347E-03 -2.13921382487488911E-02
  1.92500000000000036E+01  8.41903551203196029E-03 -2.03253497152483149E-02
  1.93500000000000014E+01  1.14949684237508776E-02 -1.87580836157900284E-02
  1.94500000000000028E+01  1.42878570632640565E-02 -1.67289312432006634E-02
  1.95500000000000007E+01  1.67289312432006530E-02 -1.42878570632640652E-02
  1.96500000000000021E+01  1.87580836157900180E-02 -1.14949684237508881E-02
  1.97500000000000000E+01  2.03253497152482768E-02 -8.41903551203204356E-03
  1.98500000000000014E+01  2.13921382487488702E-02 -5.13579800482997281E-03
  1.99499999999999993E+01  2.19321813421288099E-02 -1.72610010601262527E-03
  2.00500000000000043E+01  2.19321813421288168E-02  1.72610010601257149E-03
  2.01500000000000021E+01  2.13921382487488841E-02  5.13579800482991990E-03
  2.02500000000000036E+01  2.03253497152482976E-02  8.41903551203199325E-03
  2.03500000000000014E+01  1.87580836157900423E-02  1.14949684237508429E-02
  2.04500000000000028E+01  1.67289312432006912E-02  1.42878570632640235E-02
  2.05500000000000007E+01  1.42878570632640357E-02  1.67289312432006808E-02
  2.06500000000000021E+01  1.14949684237509904E-02  1.87580836157899555E-02
  2.07500000000000000E+01  8.41903551203208173E-03  2.03253497152482594E-02
  2.08500000000000014E+01  5.13579800482986005E-03  2.13921382487488945E-02
  2.09500000000000028E+01  1.72610010601250948E-03  2.19321813421288203E-02
  2.10500000000000007E+01 -1.72610010601253138E-03  2.19321813421288203E-02
  2.11500000000000021E+01 -5.13579800482988173E-03  2.13921382487488911E-02
  2.12500000000000000E+01 -8.41903551203195682E-03  2.03253497152483149E-02
  2.13500000000000014E+01 -1.14949684237508759E-02  1.87580836157900284E-02
  2.14499999999999993E+01 -1.42878570632639368E-02  1.67289312432007675E-02
  2.15500000000000007E+01 -1.67289312432006045E-02  1.42878570632641276E-02
  2.16500000000000021E+01 -1.87580836157900561E-02  1.14949684237508239E-02
  2.17500000000000036E+01 -2.03253497152483358E-02  8.41903551203190305E-03
  2.18500000000000014E+01 -2.13921382487488702E-02  5.13579800482997541E-03
  2.19500000000000028E+01 -2.19321813421288099E-02  1.72610010601262787E-03
  2.20500000000000007E+01 -2.19321813421288168E-02 -1.72610010601256868E-03
  2.21500000000000021E+01 -2.13921382487488841E-02 -5.13579800482991816E-03
  2.22500000000000000E+01 -2.03253497152483600E-02 -8.41903551203184754E-03
  2.23500000000000014E+01 -1.87580836157900874E-02 -1.14949684237507718E-02
  2.24500000000000028E+01 -1.67289312432006426E-02 -1.42878570632640842E-02
  2.25500000000000007E+01 -1.42878570632639802E-02 -1.67289312432007294E-02
  2.26500000000000021E+01 -1.14949684237509227E-02 -1.87580836157899972E-02
  2.27500000000000000E+01 -8.41903551203201060E-03 -2.03253497152482906E-02
  2.28500000000000014E+01 -5.13579800482993898E-03 -2.13921382487488772E-02
  2.29499999999999993E+01 -1.72610010601259014E-03 -2.19321813421288099E-02
  2.30500000000000007E+01  1.72610010601245050E-03 -2.19321813421288238E-02
  2.31499999999999986E+01  5.13579800482980280E-03 -2.13921382487489119E-02
  2.32500000000000036E+01  8.41903551203202621E-03 -2.03253497152482872E-02
  2.33500000000000014E+01  1.14949684237509384E-02 -1.87580836157899868E-02
  2.34500000000000028E+01  1.42878570632639923E-02 -1.67289312432007189E-02
  2.35500000000000007E+01  1.67289312432006530E-02 -1.42878570632640721E-02
  2.36500000000000021E+01  1.87580836157900145E-02 -1.14949684237508915E-02
  2.37500000000000000E+01  2.03253497152483080E-02 -8.41903551203197764E-03
  2.38500000000000014E+01  2.13921382487488494E-02 -5.13579800483005434E-03
  2.39499999999999993E+01  2.19321813421288030E-02 -1.72610010601270854E-03
  2.40500000000000043E+01  2.19321813421288064E-02  1.72610010601264392E-03
  2.41500000000000021E+01  2.13921382487488668E-02  5.13579800482999189E-03
  2.42500000000000036E+01  2.03253497152483323E-02  8.41903551203191693E-03
  2.43500000000000014E+01  1.87580836157900492E-02  1.14949684237508377E-02
  2.44500000000000028E+01  1.67289312432006947E-02  1.42878570632640218E-02
  2.45500000000000007E+01  1.42878570632640426E-02  1.67289312432006773E-02
  2.46500000000000021E+01  1.14949684237509939E-02  1.87580836157899521E-02
  2.47500000000000000E+01  8.41903551203208693E-03  2.03253497152482594E-02
  2.48500000000000014E+01  5.13579800482986525E-03  2.13921382487488945E-02
  2.49500000000000028E+01  1.72610010601251490E-03  2.19321813421288203E-02
  2.50500000000000007E+01 -1.72610010601252552E-03  2.19321813421288203E-02
  2.51500000000000021E+01 -5.13579800482987566E-03  2.13921382487488945E-02
  2.52500000000000000E+01 -8.41903551203195162E-03  2.03253497152483149E-02
  2.53500000000000014E+01 -1.14949684237508690E-02  1.87580836157900284E-02
  2.54499999999999993E+01 -1.42878570632639316E-02  1.67289312432007710E-02
  2.55500000000000007E+01 -1.67289312432006010E-02  1.42878570632641311E-02
  2.56500000000000021E+01 -1.87580836157900561E-02  1.14949684237508273E-02
  2.57500000000000036E+01 -2.03253497152483358E-02  8.41903551203190825E-03
  2.58500000000000014E+01 -2.13921382487488668E-02  5.13579800482998148E-03
  2.59500000000000028E+01 -2.19321813421288099E-02  1.72610010601263308E-03
  2.60500000000000043E+01 -2.19321813421288030E-02 -1.72610010601271916E-03
  2.61500000000000021E+01 -2.13921382487488841E-02 -5.13579800482991296E-03
  2.62500000000000036E+01 -2.03253497152483011E-02 -8.41903551203198632E-03
  2.63500000000000014E+01 -1.87580836157900943E-02 -1.14949684237507701E-02
  2.64500000000000028E+01 -1.67289312432006461E-02 -1.42878570632640773E-02
  2.65500000000000007E+01 -1.42878570632641016E-02 -1.67289312432006253E-02
  2.66500000000000021E+01 -1.14949684237509297E-02 -1.87580836157899937E-02
  2.67500000000000000E+01 -8.41903551203216152E-03 -2.03253497152482282E-02
  2.68500000000000014E+01 -5.13579800482994418E-03 -2.13921382487488772E-02
  2.69500000000000028E+01 -1.72610010601259556E-03 -2.19321813421288099E-02
  2.70500000000000007E+01  1.72610010601244508E-03 -2.19321813421288238E-02
  2.71500000000000021E+01  5.13579800482994939E-03 -2.13921382487488737E-02
  2.72500000000000000E+01  8.41903551203187703E-03 -2.03253497152483496E-02
  2.73500000000000014E+01  1.14949684237509332E-02 -1.87580836157899902E-02
  2.74499999999999993E+01  1.42878570632639888E-02 -1.67289312432007224E-02
  2.75500000000000007E+01  1.67289312432006496E-02 -1.42878570632640756E-02
  2.76500000000000057E+01  1.87580836157900943E-02 -1.14949684237507649E-02
  2.77500000000000000E+01  2.03253497152483011E-02 -8.41903551203198111E-03
  2.78500000000000050E+01  2.13921382487488841E-02 -5.13579800482990775E-03
  2.79499999999999993E+01  2.19321813421288030E-02 -1.72610010601271374E-03
  2.80500000000000043E+01  2.19321813421288099E-02  1.72610010601263872E-03
  2.81499999999999986E+01  2.13921382487489049E-02  5.13579800482983490E-03
  2.82500000000000036E+01  2.03253497152483323E-02  8.41903551203191172E-03
  2.83499999999999979E+01  1.87580836157901359E-02  1.14949684237506990E-02
  2.84500000000000028E+01  1.67289312432006981E-02  1.42878570632640166E-02
  2.85500000000000043E+01  1.42878570632640461E-02  1.67289312432006738E-02
  2.86500000000000021E+01  1.14949684237510008E-02  1.87580836157899521E-02
  2.87500000000000036E+01  8.41903551203194642E-03  2.03253497152483184E-02
  2.88500000000000014E+01  5.13579800483002311E-03  2.13921382487488564E-02
  2.89500000000000028E+01  1.72610010601252032E-03  2.19321813421288203E-02
  2.90500000000000007E+01 -1.72610010601252032E-03  2.19321813421288203E-02
  2.91500000000000021E+01 -5.13579800482987132E-03  2.13921382487488945E-02
  2.92500000000000036E+01 -8.41903551203209213E-03  2.03253497152482560E-02
  2.93500000000000014E+01 -1.14949684237508655E-02  1.87580836157900353E-02
  2.94500000000000028E+01 -1.42878570632640461E-02  1.67289312432006738E-02
  2.95500000000000007E+01 -1.67289312432005940E-02  1.42878570632641363E-02
  2.96500000000000021E+01 -1.87580836157900527E-02  1.14949684237508343E-02
  2.97500000000000000E+01 -2.03253497152482733E-02  8.41903551203205570E-03
  2.98500000000000014E+01 -2.13921382487488668E-02  5.13579800482998582E-03
  2.99499999999999993E+01 -2.19321813421287960E-02  1.72610010601279419E-03
  3.00500000000000007E+01 -2.19321813421288168E-02 -1.72610010601255805E-03
  3.01500000000000057E+01 -2.13921382487488841E-02 -5.13579800482990775E-03
  3.02500000000000000E+01 -2.03253497152483600E-02 -8.41903551203183713E-03
  3.03500000000000050E+01 -1.87580836157900145E-02 -1.14949684237508967E-02
  3.04499999999999993E+01 -1.67289312432007502E-02 -1.42878570632639541E-02
  3.05500000000000043E+01 -1.42878570632639888E-02 -1.67289312432007224E-02
  3.06499999999999986E+01 -1.14949684237509332E-02 -1.87580836157899902E-02
  3.07500000000000036E+01 -8.41903551203202101E-03 -2.03253497152482872E-02
  3.08500000000000050E+01 -5.13579800482979760E-03 -2.13921382487489119E-02
  3.09500000000000028E+01 -1.72610010601260120E-03 -2.19321813421288099E-02
  3.10500000000000043E+01  1.72610010601259556E-03 -2.19321813421288099E-02
  3.11500000000000021E+01  5.13579800482979239E-03 -2.13921382487489119E-02
  3.12500000000000036E+01  8.41903551203201581E-03 -2.03253497152482906E-02
  3.13500000000000014E+01  1.14949684237507961E-02 -1.87580836157900770E-02
  3.14500000000000028E+01  1.42878570632639854E-02 -1.67289312432007259E-02
  3.15500000000000007E+01  1.67289312432005420E-02 -1.42878570632641987E-02
  3.16500000000000021E+01  1.87580836157900110E-02 -1.14949684237509019E-02
  3.17500000000000036E+01  2.03253497152483011E-02 -8.41903551203198632E-03
  3.18500000000000014E+01  2.13921382487488494E-02 -5.13579800483006475E-03
  3.19500000000000028E+01  2.19321813421288168E-02 -1.72610010601256325E-03
  3.20499999999999972E+01  2.19321813421288238E-02  1.72610010601247760E-03
  3.21500000000000057E+01  2.13921382487488668E-02  5.13579800482998148E-03
  3.22500000000000000E+01  2.03253497152483358E-02  8.41903551203190825E-03
  3.23500000000000014E+01  1.87580836157900561E-02  1.14949684237508273E-02
  3.24500000000000028E+01  1.67289312432006010E-02  1.42878570632641311E-02
  3.25500000000000043E+01  1.42878570632640513E-02  1.67289312432006669E-02
  3.26500000000000057E+01  1.14949684237508690E-02  1.87580836157900284E-02
  3.27500000000000000E+01  8.41903551203209734E-03  2.03253497152482560E-02
  3.28500000000000014E+01  5.13579800482987566E-03  2.13921382487488945E-02
  3.29500000000000028E+01  1.72610010601268165E-03  2.19321813421288064E-02
  3.30500000000000043E+01 -1.72610010601251490E-03  2.19321813421288203E-02
  3.31499999999999986E+01 -5.13579800482971346E-03  2.13921382487489327E-02
  3.32500000000000000E+01 -8.41903551203194121E-03  2.03253497152483184E-02
  3.33500000000000014E+01 -1.14949684237508603E-02  1.87580836157900353E-02
  3.34500000000000028E+01 -1.42878570632639212E-02  1.67289312432007779E-02
  3.35500000000000043E+01 -1.67289312432006947E-02  1.42878570632640218E-02
  3.36499999999999986E+01 -1.87580836157899694E-02  1.14949684237509713E-02
  3.37500000000000000E+01 -2.03253497152483323E-02  8.41903551203191693E-03
  3.38500000000000014E+01 -2.13921382487488668E-02  5.13579800482999189E-03
  3.39500000000000028E+01 -2.19321813421288064E-02  1.72610010601264392E-03
  3.40500000000000043E+01 -2.19321813421288030E-02 -1.72610010601270854E-03
  3.41499999999999986E+01 -2.13921382487488876E-02 -5.13579800482990255E-03
  3.42500000000000071E+01 -2.03253497152483080E-02 -8.41903551203197764E-03
  3.43500000000000014E+01 -1.87580836157900978E-02 -1.14949684237507597E-02
  3.44500000000000028E+01 -1.67289312432006530E-02 -1.42878570632640721E-02
  3.45499999999999972E+01 -1.42878570632641120E-02 -1.67289312432006183E-02
  3.46500000000000057E+01 -1.14949684237509384E-02 -1.87580836157899868E-02
  3.47500000000000000E+01 -8.41903551203217193E-03 -2.03253497152482247E-02
  3.48500000000000014E+01 -5.13579800482995459E-03 -2.13921382487488737E-02
  3.49500000000000028E+01 -1.72610010601260641E-03 -2.19321813421288099E-02
  3.50500000000000043E+01  1.72610010601243445E-03 -2.19321813421288238E-02
  3.51500000000000057E+01  5.13579800482993898E-03 -2.13921382487488772E-02
  3.52500000000000000E+01  8.41903551203186662E-03 -2.03253497152483496E-02
  3.53500000000000014E+01  1.14949684237509227E-02 -1.87580836157899972E-02
  3.54500000000000028E+01  1.42878570632639802E-02 -1.67289312432007294E-02
  3.55500000000000043E+01  1.67289312432006426E-02 -1.42878570632640842E-02
  3.56500000000000057E+01  1.87580836157900874E-02 -1.14949684237507718E-02
  3.57500000000000000E+01  2.03253497152482976E-02 -8.41903551203199152E-03
  3.58500000000000014E+01  2.13921382487488841E-02 -5.13579800482991816E-03
  3.59500000000000028E+01  2.19321813421288030E-02 -1.72610010601272437E-03
  3.60500000000000043E+01  2.19321813421288099E-02  1.72610010601262787E-03
  3.61499999999999986E+01  2.13921382487489084E-02  5.13579800482982362E-03
  3.62500000000000000E+01  2.03253497152483358E-02  8.41903551203190305E-03
  3.63500000000000014E+01  1.87580836157901394E-02  1.14949684237506920E-02
  3.64500000000000028E+01  1.67289312432007051E-02  1.42878570632640096E-02
  3.65500000000000043E+01  1.42878570632640547E-02  1.67289312432006669E-02
  3.66499999999999986E+01  1.14949684237510060E-02  1.87580836157899451E-02
  3.67500000000000071E+01  8.41903551203195682E-03  2.03253497152483149E-02
  3.68500000000000014E+01  5.13579800483003352E-03  2.13921382487488529E-02
  3.69500000000000028E+01  1.72610010601253138E-03  2.19321813421288203E-02
  3.70499999999999972E+01 -1.72610010601250948E-03  2.19321813421288203E-02
  3.71500000000000057E+01 -5.13579800482986005E-03  2.13921382487488945E-02
  3.72500000000000071E+01 -8.41903551203208173E-03  2.03253497152482594E-02
  3.73500000000000014E+01 -1.14949684237508551E-02  1.87580836157900388E-02
  3.74500000000000028E+01 -1.42878570632640357E-02  1.67289312432006773E-02
  3.75500000000000043E+01 -1.67289312432005906E-02  1.42878570632641432E-02
  3.76500000000000057E+01 -1.87580836157900423E-02  1.14949684237508429E-02
  3.77500000000000000E+01 -2.03253497152482698E-02  8.41903551203206611E-03
  3.78500000000000014E+01 -2.13921382487488668E-02  5.13579800482999709E-03
  3.79500000000000028E+01 -2.19321813421287960E-02  1.72610010601280481E-03
  3.80500000000000043E+01 -2.19321813421288168E-02 -1.72610010601254743E-03
  3.81500000000000057E+01 -2.13921382487488911E-02 -5.13579800482989735E-03
  3.82500000000000000E+01 -2.03253497152483704E-02 -8.41903551203182672E-03
  3.83500000000000014E+01 -1.87580836157900180E-02 -1.14949684237508881E-02
  3.84500000000000028E+01 -1.67289312432007571E-02 -1.42878570632639489E-02
  3.85500000000000043E+01 -1.42878570632639958E-02 -1.67289312432007155E-02
  3.86499999999999986E+01 -1.14949684237509436E-02 -1.87580836157899868E-02
  3.87500000000000000E+01 -8.41903551203203142E-03 -2.03253497152482802E-02
  3.88500000000000085E+01 -5.13579800482980801E-03 -2.13921382487489084E-02
  3.89500000000000028E+01 -1.72610010601261183E-03 -2.19321813421288099E-02
  3.90500000000000043E+01  1.72610010601258494E-03 -2.19321813421288099E-02
  3.91499999999999986E+01  5.13579800482978199E-03 -2.13921382487489153E-02
  3.92500000000000071E+01  8.41903551203200540E-03 -2.03253497152482941E-02
  3.93500000000000014E+01  1.14949684237507857E-02 -1.87580836157900804E-02
  3.94500000000000028E+01  1.42878570632639749E-02 -1.67289312432007328E-02
  3.95499999999999972E+01  1.67289312432005385E-02 -1.42878570632642039E-02
  3.96500000000000057E+01  1.87580836157900076E-02 -1.14949684237509106E-02
  3.97500000000000071E+01  2.03253497152482976E-02 -8.41903551203199499E-03
  3.98500000000000014E+01  2.13921382487488460E-02 -5.13579800483007515E-03
  3.99500000000000028E+01  2.19321813421288168E-02 -1.72610010601257410E-03
  4.00500000000000043E+01  2.19321813421288238E-02  1.72610010601246654E-03
  4.01500000000000057E+01  2.13921382487488702E-02  5.13579800482997107E-03
  4.02500000000000000E+01  2.03253497152483392E-02  8.41903551203189784E-03
  4.03500000000000014E+01  1.87580836157900596E-02  1.14949684237508187E-02
  4.04500000000000028E+01  1.67289312432006045E-02  1.42878570632641259E-02
  4.05500000000000043E+01  1.42878570632640582E-02  1.67289312432006634E-02
  4.06500000000000057E+01  1.14949684237508794E-02  1.87580836157900215E-02
  4.07500000000000000E+01  8.41903551203210601E-03  2.03253497152482525E-02
  4.08500000000000014E+01  5.13579800482988607E-03  2.13921382487488911E-02
  4.09500000000000028E+01  1.72610010601269249E-03  2.19321813421288064E-02
  4.10500000000000043E+01 -1.72610010601265997E-03  2.19321813421288064E-02
  4.11499999999999986E+01 -5.13579800482985484E-03  2.13921382487488980E-02
  4.12500000000000000E+01 -8.41903551203178682E-03  2.03253497152483843E-02
  4.13500000000000085E+01 -1.14949684237508499E-02  1.87580836157900388E-02
  4.14500000000000028E+01 -1.42878570632639142E-02  1.67289312432007849E-02
  4.15500000000000043E+01 -1.67289312432006877E-02  1.42878570632640305E-02
  4.16499999999999986E+01 -1.87580836157899659E-02  1.14949684237509800E-02
  4.17500000000000071E+01 -2.03253497152483288E-02  8.41903551203192560E-03
  4.18500000000000014E+01 -2.13921382487488633E-02  5.13579800483000230E-03
  4.19500000000000028E+01 -2.19321813421288203E-02  1.72610010601249885E-03
  4.20500000000000043E+01 -2.19321813421288203E-02 -1.72610010601254200E-03
  4.21500000000000057E+01 -2.13921382487489257E-02 -5.13579800482973949E-03
  4.22500000000000071E+01 -2.03253497152483080E-02 -8.41903551203196723E-03
  4.23500000000000014E+01 -1.87580836157901013E-02 -1.14949684237507510E-02
  4.24500000000000028E+01 -1.67289312432006600E-02 -1.42878570632640634E-02
  4.25500000000000043E+01 -1.42878570632641189E-02 -1.67289312432006114E-02
  4.26500000000000057E+01 -1.14949684237508135E-02 -1.87580836157900631E-02
  4.27500000000000000E+01 -8.41903551203203662E-03 -2.03253497152482802E-02
  4.28500000000000014E+01 -5.13579800483011766E-03 -2.13921382487488355E-02
  4.29500000000000028E+01 -1.72610010601261703E-03 -2.19321813421288099E-02
  4.30500000000000043E+01  1.72610010601242383E-03 -2.19321813421288238E-02
  4.31500000000000057E+01  5.13579800482992857E-03 -2.13921382487488772E-02
  4.32500000000000000E+01  8.41903551203185621E-03 -2.03253497152483566E-02
  4.33500000000000014E+01  1.14949684237509175E-02 -1.87580836157900006E-02
  4.34500000000000028E+01  1.42878570632639732E-02 -1.67289312432007363E-02
  4.35500000000000043E+01  1.67289312432007363E-02 -1.42878570632639732E-02
  4.36500000000000057E+01  1.87580836157900006E-02 -1.14949684237509175E-02
  4.37500000000000000E+01  2.03253497152482351E-02 -8.41903551203214591E-03
  4.38500000000000014E+01  2.13921382487488772E-02 -5.13579800482992857E-03
  4.39500000000000028E+01  2.19321813421287995E-02 -1.72610010601273543E-03
  4.40500000000000043E+01  2.19321813421288099E-02  1.72610010601261703E-03
  4.41499999999999986E+01  2.13921382487489084E-02  5.13579800482981321E-03
  4.42500000000000000E+01  2.03253497152482802E-02  8.41903551203203662E-03
  4.43500000000000014E+01  1.87580836157900631E-02  1.14949684237508135E-02
  4.44500000000000028E+01  1.67289312432008126E-02  1.42878570632638830E-02
  4.45500000000000043E+01  1.42878570632640634E-02  1.67289312432006600E-02
  4.46499999999999986E+01  1.14949684237510164E-02  1.87580836157899382E-02
  4.47500000000000071E+01  8.41903551203196723E-03  2.03253497152483080E-02
  4.48500000000000014E+01  5.13579800483004393E-03  2.13921382487488529E-02
  4.49500000000000028E+01  1.72610010601254200E-03  2.19321813421288203E-02
  4.50499999999999972E+01 -1.72610010601249885E-03  2.19321813421288203E-02
  4.51500000000000057E+01 -5.13579800483000230E-03  2.13921382487488633E-02
  4.52500000000000071E+01 -8.41903551203192560E-03  2.03253497152483288E-02
  4.53500000000000014E+01 -1.14949684237507128E-02  1.87580836157901255E-02
  4.54500000000000028E+01 -1.42878570632640305E-02  1.67289312432006877E-02
  4.55500000000000043E+01 -1.67289312432005802E-02  1.42878570632641519E-02
  4.56500000000000057E+01 -1.87580836157900388E-02  1.14949684237508499E-02
  4.57500000000000000E+01 -2.03253497152482664E-02  8.41903551203207652E-03
  4.58500000000000014E+01 -2.13921382487488980E-02  5.13579800482985484E-03
  4.59500000000000028E+01 -2.19321813421288064E-02  1.72610010601265997E-03
  4.60500000000000043E+01 -2.19321813421288273E-02 -1.72610010601238067E-03
  4.61500000000000057E+01 -2.13921382487488911E-02 -5.13579800482988607E-03
  4.62500000000000000E+01 -2.03253497152483739E-02 -8.41903551203181805E-03
  4.63500000000000014E+01 -1.87580836157900215E-02 -1.14949684237508794E-02
  4.64500000000000028E+01 -1.67289312432007641E-02 -1.42878570632639385E-02
  4.65500000000000043E+01 -1.42878570632640044E-02 -1.67289312432007085E-02
  4.66499999999999986E+01 -1.14949684237509522E-02 -1.87580836157899798E-02
  4.67500000000000000E+01 -8.41903551203189784E-03 -2.03253497152483392E-02
  4.68500000000000085E+01 -5.13579800482997107E-03 -2.13921382487488702E-02
  4.69500000000000028E+01 -1.72610010601277814E-03 -2.19321813421287995E-02
  4.70500000000000043E+01  1.72610010601257410E-03 -2.19321813421288168E-02
  4.71499999999999986E+01  5.13579800482977158E-03 -2.13921382487489188E-02
  4.72500000000000071E+01  8.41903551203199499E-03 -2.03253497152482976E-02
  4.73500000000000014E+01  1.14949684237507770E-02 -1.87580836157900839E-02
  4.74500000000000028E+01  1.42878570632640877E-02 -1.67289312432006357E-02
  4.75499999999999972E+01  1.67289312432006322E-02 -1.42878570632640946E-02
  4.76500000000000057E+01  1.87580836157899139E-02 -1.14949684237510546E-02
  4.77500000000000071E+01  2.03253497152482941E-02 -8.41903551203200540E-03
  4.78500000000000014E+01  2.13921382487488425E-02 -5.13579800483008643E-03
  4.79500000000000028E+01  2.19321813421288099E-02 -1.72610010601258494E-03
  4.80500000000000043E+01  2.19321813421288238E-02  1.72610010601245570E-03
  4.81500000000000057E+01  2.13921382487488702E-02  5.13579800482996066E-03
  4.82500000000000000E+01  2.03253497152483427E-02  8.41903551203188744E-03
  4.83500000000000014E+01  1.87580836157899868E-02  1.14949684237509436E-02
  4.84500000000000028E+01  1.67289312432007155E-02  1.42878570632639958E-02
  4.85500000000000043E+01  1.42878570632641849E-02  1.67289312432005524E-02
  4.86500000000000057E+01  1.14949684237508881E-02  1.87580836157900180E-02
  4.87500000000000000E+01  8.41903551203211642E-03  2.03253497152482490E-02
  4.88500000000000014E+01  5.13579800482989735E-03  2.13921382487488911E-02
  4.89500000000000028E+01  1.72610010601270312E-03  2.19321813421288030E-02
  4.90500000000000043E+01 -1.72610010601264934E-03  2.19321813421288064E-02
  4.91499999999999986E+01 -5.13579800482984530E-03  2.13921382487489049E-02
  4.92500000000000000E+01 -8.41903551203177815E-03  2.03253497152483913E-02
  4.93500000000000085E+01 -1.14949684237508429E-02  1.87580836157900423E-02
  4.94500000000000028E+01 -1.42878570632639073E-02  1.67289312432007918E-02
  4.95500000000000043E+01 -1.67289312432006808E-02  1.42878570632640357E-02
  4.96499999999999986E+01 -1.87580836157899555E-02  1.14949684237509904E-02
  4.97500000000000071E+01 -2.03253497152483184E-02  8.41903551203193601E-03
  4.98500000000000014E+01 -2.13921382487488633E-02  5.13579800483001270E-03
  4.99500000000000028E+01 -2.19321813421288203E-02  1.72610010601250948E-03
  5.00500000000000043E+01 -2.19321813421288203E-02 -1.72610010601253138E-03
  5.01500000000000057E+01 -2.13921382487489292E-02 -5.13579800482972908E-03
  5.02500000000000071E+01 -2.03253497152483149E-02 -8.41903551203195682E-03
  5.03500000000000014E+01 -1.87580836157901082E-02 -1.14949684237507406E-02
  5.04500000000000028E+01 -1.67289312432006669E-02 -1.42878570632640547E-02
  5.05500000000000043E+01 -1.42878570632641276E-02 -1.67289312432006045E-02
  5.06500000000000057E+01 -1.14949684237508239E-02 -1.87580836157900561E-02
  5.07500000000000000E+01 -8.41903551203204703E-03 -2.03253497152482768E-02
  5.08500000000000014E+01 -5.13579800483012806E-03 -2.13921382487488321E-02
  5.09500000000000028E+01 -1.72610010601262787E-03 -2.19321813421288099E-02
  5.10500000000000043E+01  1.72610010601241298E-03 -2.19321813421288273E-02
  5.11500000000000057E+01  5.13579800482991816E-03 -2.13921382487488841E-02
  5.12500000000000000E+01  8.41903551203184754E-03 -2.03253497152483600E-02
  5.13500000000000014E+01  1.14949684237509071E-02 -1.87580836157900076E-02
  5.14500000000000028E+01  1.42878570632639628E-02 -1.67289312432007432E-02
  5.15500000000000043E+01  1.67289312432007294E-02 -1.42878570632639802E-02
  5.16500000000000057E+01  1.87580836157899972E-02 -1.14949684237509227E-02
  5.17500000000000000E+01  2.03253497152482317E-02 -8.41903551203215632E-03
  5.18500000000000085E+01  2.13921382487488772E-02 -5.13579800482993898E-03
  5.19500000000000099E+01  2.19321813421288238E-02 -1.72610010601243445E-03
  5.20500000000000043E+01  2.19321813421288099E-02  1.72610010601260641E-03
  5.21499999999999986E+01  2.13921382487489119E-02  5.13579800482980280E-03
  5.22500000000000000E+01  2.03253497152484017E-02  8.41903551203173652E-03
  5.23500000000000085E+01  1.87580836157900700E-02  1.14949684237508065E-02
  5.24500000000000028E+01  1.67289312432008196E-02  1.42878570632638726E-02
  5.25499999999999972E+01  1.42878570632640721E-02  1.67289312432006530E-02
  5.26500000000000057E+01  1.14949684237507597E-02  1.87580836157900978E-02
  5.27500000000000071E+01  8.41903551203197764E-03  2.03253497152483080E-02
  5.28500000000000014E+01  5.13579800483005434E-03  2.13921382487488494E-02
  5.29499999999999957E+01  1.72610010601286445E-03  2.19321813421287891E-02
  5.30500000000000043E+01 -1.72610010601248823E-03  2.19321813421288203E-02
  5.31500000000000057E+01 -5.13579800482999189E-03  2.13921382487488668E-02
  5.32500000000000000E+01 -8.41903551203191693E-03  2.03253497152483323E-02
  5.33500000000000085E+01 -1.14949684237509713E-02  1.87580836157899694E-02
  5.34500000000000028E+01 -1.42878570632640218E-02  1.67289312432006947E-02
  5.35500000000000043E+01 -1.67289312432005767E-02  1.42878570632641606E-02
  5.36499999999999986E+01 -1.87580836157898723E-02  1.14949684237511274E-02
  5.37500000000000071E+01 -2.03253497152483809E-02  8.41903551203179723E-03
  5.38500000000000014E+01 -2.13921382487488945E-02  5.13579800482986525E-03
  5.39500000000000028E+01 -2.19321813421288064E-02  1.72610010601267081E-03
  5.40500000000000114E+01 -2.19321813421288064E-02 -1.72610010601268165E-03
  5.41500000000000057E+01 -2.13921382487488945E-02 -5.13579800482987566E-03
  5.42500000000000000E+01 -2.03253497152483739E-02 -8.41903551203180764E-03
  5.43500000000000014E+01 -1.87580836157901915E-02 -1.14949684237506036E-02
  5.44500000000000099E+01 -1.67289312432005698E-02 -1.42878570632641692E-02
  5.45500000000000043E+01 -1.42878570632640131E-02 -1.67289312432007016E-02
  5.46499999999999986E+01 -1.14949684237509626E-02 -1.87580836157899729E-02
  5.47500000000000000E+01 -8.41903551203219448E-03 -2.03253497152482143E-02
  5.48500000000000085E+01 -5.13579800482998148E-03 -2.13921382487488668E-02
  5.49500000000000028E+01 -1.72610010601278899E-03 -2.19321813421287995E-02
  5.50499999999999972E+01  1.72610010601225187E-03 -2.19321813421288411E-02
  5.51500000000000057E+01  5.13579800483006475E-03 -2.13921382487488494E-02
  5.52500000000000071E+01  8.41903551203198632E-03 -2.03253497152483011E-02
  5.53500000000000014E+01  1.14949684237507701E-02 -1.87580836157900943E-02
  5.54499999999999957E+01  1.42878570632638414E-02 -1.67289312432008473E-02
  5.55500000000000043E+01  1.67289312432006253E-02 -1.42878570632641016E-02
  5.56500000000000057E+01  1.87580836157899104E-02 -1.14949684237510615E-02
  5.57500000000000000E+01  2.03253497152482906E-02 -8.41903551203201581E-03
  5.58500000000000085E+01  2.13921382487489119E-02 -5.13579800482979239E-03
  5.59500000000000028E+01  2.19321813421288099E-02 -1.72610010601259556E-03
  5.60500000000000043E+01  2.19321813421288238E-02  1.72610010601244508E-03
  5.61499999999999986E+01  2.13921382487489500E-02  5.13579800482964581E-03
  5.62500000000000071E+01  2.03253497152483496E-02  8.41903551203187703E-03
  5.63500000000000014E+01  1.87580836157899902E-02  1.14949684237509332E-02
  5.64500000000000028E+01  1.67289312432007224E-02  1.42878570632639888E-02
  5.65500000000000114E+01  1.42878570632639541E-02  1.67289312432007502E-02
  5.66500000000000057E+01  1.14949684237508967E-02  1.87580836157900145E-02
  5.67500000000000000E+01  8.41903551203212509E-03  2.03253497152482455E-02
  5.68500000000000014E+01  5.13579800483021220E-03  2.13921382487488113E-02
  5.69500000000000099E+01  1.72610010601240193E-03  2.19321813421288273E-02
  5.70500000000000043E+01 -1.72610010601263872E-03  2.19321813421288099E-02
  5.71499999999999986E+01 -5.13579800482983490E-03  2.13921382487489049E-02
  5.72500000000000071E+01 -8.41903551203205570E-03  2.03253497152482733E-02
  5.73500000000000085E+01 -1.14949684237508343E-02  1.87580836157900527E-02
  5.74500000000000028E+01 -1.42878570632638969E-02  1.67289312432007987E-02
  5.75499999999999972E+01 -1.67289312432004726E-02  1.42878570632642837E-02
  5.76500000000000057E+01 -1.87580836157901151E-02  1.14949684237507302E-02
  5.77500000000000071E+01 -2.03253497152483184E-02  8.41903551203194642E-03
  5.78500000000000014E+01 -2.13921382487488564E-02  5.13579800483002311E-03
  5.79499999999999957E+01 -2.19321813421287960E-02  1.72610010601283192E-03
  5.80500000000000043E+01 -2.19321813421288203E-02 -1.72610010601252032E-03
  5.81500000000000057E+01 -2.13921382487489327E-02 -5.13579800482971867E-03
  5.82500000000000000E+01 -2.03253497152484398E-02 -8.41903551203165845E-03
  5.83500000000000085E+01 -1.87580836157899521E-02 -1.14949684237510008E-02
  5.84500000000000028E+01 -1.67289312432006738E-02 -1.42878570632640461E-02
  5.85500000000000043E+01 -1.42878570632641363E-02 -1.67289312432005940E-02
  5.86499999999999986E+01 -1.14949684237510997E-02 -1.87580836157898896E-02
  5.87500000000000071E+01 -8.41903551203205570E-03 -2.03253497152482733E-02
  5.88500000000000014E+01 -5.13579800483013847E-03 -2.13921382487488286E-02
  5.89500000000000028E+01 -1.72610010601263872E-03 -2.19321813421288099E-02
  5.90500000000000114E+01  1.72610010601271374E-03 -2.19321813421288030E-02
  5.91500000000000057E+01  5.13579800482990775E-03 -2.13921382487488841E-02
  5.92500000000000000E+01  8.41903551203183713E-03 -2.03253497152483600E-02
  5.93500000000000014E+01  1.14949684237506296E-02 -1.87580836157901776E-02
  5.94500000000000099E+01  1.42878570632639541E-02 -1.67289312432007502E-02
  5.95500000000000043E+01  1.67289312432007224E-02 -1.42878570632639888E-02
  5.96499999999999986E+01  1.87580836157899902E-02 -1.14949684237509332E-02
  5.97500000000000071E+01  2.03253497152483496E-02 -8.41903551203187703E-03
  5.98500000000000085E+01  2.13921382487488737E-02 -5.13579800482994939E-03
  5.99500000000000028E+01  2.19321813421287995E-02 -1.72610010601275689E-03
  6.00499999999999972E+01  2.19321813421288377E-02  1.72610010601228396E-03
  6.01500000000000057E+01  2.13921382487488425E-02  5.13579800483009684E-03
  6.02500000000000071E+01  2.03253497152482906E-02  8.41903551203201581E-03
  6.03500000000000014E+01  1.87580836157900770E-02  1.14949684237507961E-02
  6.04500000000000099E+01  1.67289312432006253E-02  1.42878570632641016E-02
  6.05500000000000043E+01  1.42878570632640773E-02  1.67289312432006461E-02
  6.06500000000000057E+01  1.14949684237510355E-02  1.87580836157899278E-02
  6.07500000000000000E+01  8.41903551203227601E-03  2.03253497152481831E-02
  6.08500000000000085E+01  5.13579800482976030E-03  2.13921382487489188E-02
  6.09500000000000028E+01  1.72610010601256325E-03  2.19321813421288168E-02
  6.10500000000000043E+01 -1.72610010601247760E-03  2.19321813421288238E-02
  6.11499999999999986E+01 -5.13579800482967704E-03  2.13921382487489396E-02
  6.12500000000000071E+01 -8.41903551203190825E-03  2.03253497152483358E-02
  6.13500000000000014E+01 -1.14949684237506955E-02  1.87580836157901359E-02
  6.14500000000000028E+01 -1.42878570632637737E-02  1.67289312432009028E-02
  6.15500000000000114E+01 -1.67289312432007710E-02  1.42878570632639316E-02
  6.16500000000000057E+01 -1.87580836157900284E-02  1.14949684237508690E-02
  6.17500000000000000E+01 -2.03253497152482560E-02  8.41903551203209734E-03
  6.18500000000000014E+01 -2.13921382487488217E-02  5.13579800483018011E-03
  6.19500000000000099E+01 -2.19321813421288064E-02  1.72610010601268165E-03
  6.20500000000000043E+01 -2.19321813421288307E-02 -1.72610010601235921E-03
  6.21499999999999986E+01 -2.13921382487488945E-02 -5.13579800482986525E-03
  6.22500000000000071E+01 -2.03253497152482594E-02 -8.41903551203208693E-03
  6.23500000000000085E+01 -1.87580836157900353E-02 -1.14949684237508603E-02
  6.24500000000000028E+01 -1.67289312432007779E-02 -1.42878570632639212E-02
  6.25499999999999972E+01 -1.42878570632642577E-02 -1.67289312432004900E-02
  6.26500000000000057E+01 -1.14949684237509713E-02 -1.87580836157899694E-02
  6.27500000000000071E+01 -8.41903551203191693E-03 -2.03253497152483323E-02
  6.28500000000000014E+01 -5.13579800482999189E-03 -2.13921382487488668E-02
  6.29500000000000099E+01 -1.72610010601248823E-03 -2.19321813421288203E-02
  6.30500000000000043E+01  1.72610010601255263E-03 -2.19321813421288168E-02
  6.31500000000000057E+01  5.13579800482974989E-03 -2.13921382487489257E-02
  6.32500000000000000E+01  8.41903551203168794E-03 -2.03253497152484260E-02
  6.33500000000000085E+01  1.14949684237510268E-02 -1.87580836157899312E-02
  6.34500000000000028E+01  1.42878570632640721E-02 -1.67289312432006530E-02
  6.35500000000000043E+01  1.67289312432006183E-02 -1.42878570632641120E-02
  6.36500000000000128E+01  1.87580836157900700E-02 -1.14949684237508065E-02
  6.37500000000000071E+01  2.03253497152482872E-02 -8.41903551203202621E-03
  6.38500000000000014E+01  2.13921382487488355E-02 -5.13579800483010725E-03
  6.39500000000000028E+01  2.19321813421287856E-02 -1.72610010601291822E-03
  6.40500000000000114E+01  2.19321813421287995E-02  1.72610010601274605E-03
  6.41500000000000057E+01  2.13921382487488772E-02  5.13579800482993898E-03
  6.42500000000000000E+01  2.03253497152483496E-02  8.41903551203186662E-03
  6.43499999999999943E+01  1.87580836157901602E-02  1.14949684237506573E-02
  6.44500000000000028E+01  1.67289312432007294E-02  1.42878570632639802E-02
  6.45499999999999972E+01  1.42878570632642022E-02  1.67289312432005385E-02
  6.46500000000000057E+01  1.14949684237511725E-02  1.87580836157898445E-02
  6.47500000000000142E+01  8.41903551203184754E-03  2.03253497152483600E-02
  6.48500000000000085E+01  5.13579800482991816E-03  2.13921382487488841E-02
  6.49500000000000028E+01  1.72610010601272437E-03  2.19321813421288030E-02
  6.50499999999999972E+01 -1.72610010601231627E-03  2.19321813421288377E-02
  6.51500000000000057E+01 -5.13579800482982362E-03  2.13921382487489084E-02
  6.52500000000000000E+01 -8.41903551203175733E-03  2.03253497152483982E-02
  6.53499999999999943E+01 -1.14949684237508239E-02  1.87580836157900561E-02
  6.54500000000000028E+01 -1.42878570632641276E-02  1.67289312432006045E-02
  6.55500000000000114E+01 -1.67289312432006669E-02  1.42878570632640547E-02
  6.56500000000000057E+01 -1.87580836157899451E-02  1.14949684237510060E-02
  6.57500000000000000E+01 -2.03253497152481935E-02  8.41903551203224479E-03
  6.58500000000000085E+01 -2.13921382487488529E-02  5.13579800483003352E-03
  6.59500000000000028E+01 -2.19321813421288203E-02  1.72610010601253138E-03
  6.60499999999999972E+01 -2.19321813421288203E-02 -1.72610010601250948E-03
  6.61500000000000057E+01 -2.13921382487488633E-02 -5.13579800483001270E-03
  6.62500000000000000E+01 -2.03253497152483184E-02 -8.41903551203193601E-03
  6.63500000000000085E+01 -1.87580836157901186E-02 -1.14949684237507233E-02
  6.64500000000000028E+01 -1.67289312432008855E-02 -1.42878570632637997E-02
  6.65500000000000114E+01 -1.42878570632639073E-02 -1.67289312432007918E-02
  6.66500000000000057E+01 -1.14949684237508429E-02 -1.87580836157900423E-02
  6.67500000000000000E+01 -8.41903551203206611E-03 -2.03253497152482698E-02
  6.68500000000000085E+01 -5.13579800482984530E-03 -2.13921382487489049E-02
  6.69500000000000028E+01 -1.72610010601264934E-03 -2.19321813421288064E-02
  6.70499999999999972E+01  1.72610010601239130E-03 -2.19321813421288273E-02
  6.71500000000000057E+01  5.13579800482959290E-03 -2.13921382487489604E-02
  6.72500000000000142E+01  8.41903551203211642E-03 -2.03253497152482490E-02
  6.73500000000000085E+01  1.14949684237508881E-02 -1.87580836157900180E-02
  6.74500000000000028E+01  1.42878570632639489E-02 -1.67289312432007571E-02
  6.75499999999999972E+01  1.67289312432005108E-02 -1.42878570632642352E-02
  6.76500000000000057E+01  1.87580836157899868E-02 -1.14949684237509436E-02
  6.77500000000000000E+01  2.03253497152482247E-02 -8.41903551203217540E-03
  6.78499999999999943E+01  2.13921382487488008E-02 -5.13579800483026337E-03
  6.79500000000000028E+01  2.19321813421288238E-02 -1.72610010601245570E-03
  6.80500000000000114E+01  2.19321813421288099E-02  1.72610010601258494E-03
  6.81500000000000057E+01  2.13921382487489153E-02  5.13579800482978199E-03
  6.82500000000000000E+01  2.03253497152484155E-02  8.41903551203171743E-03
  6.83500000000000085E+01  1.87580836157900804E-02  1.14949684237507857E-02
  6.84500000000000028E+01  1.67289312432008334E-02  1.42878570632638570E-02
  6.85499999999999972E+01  1.42878570632640877E-02  1.67289312432006357E-02
  6.86500000000000057E+01  1.14949684237507770E-02  1.87580836157900839E-02
  6.87500000000000000E+01  8.41903551203199499E-03  2.03253497152482976E-02
  6.88500000000000085E+01  5.13579800483007515E-03  2.13921382487488460E-02
  6.89500000000000028E+01  1.72610010601288570E-03  2.19321813421287891E-02
  6.90500000000000114E+01 -1.72610010601246654E-03  2.19321813421288238E-02
  6.91500000000000057E+01 -5.13579800482997107E-03  2.13921382487488702E-02
  6.92500000000000000E+01 -8.41903551203189784E-03  2.03253497152483392E-02
  6.93500000000000085E+01 -1.14949684237509522E-02  1.87580836157899798E-02
  6.94500000000000028E+01 -1.42878570632640044E-02  1.67289312432007085E-02
  6.95499999999999972E+01 -1.67289312432005628E-02  1.42878570632641779E-02
  6.96500000000000057E+01 -1.87580836157898619E-02  1.14949684237511448E-02
  6.97500000000000142E+01 -2.03253497152483739E-02  8.41903551203181805E-03
  6.98500000000000085E+01 -2.13921382487488911E-02  5.13579800482988607E-03
  6.99500000000000028E+01 -2.19321813421288064E-02  1.72610010601269249E-03
  7.00500000000000114E+01 -2.19321813421288064E-02 -1.72610010601265997E-03
  7.01500000000000057E+01 -2.13921382487488980E-02 -5.13579800482985484E-03
  7.02500000000000000E+01 -2.03253497152483843E-02 -8.41903551203178682E-03
  7.03499999999999943E+01 -1.87580836157902053E-02 -1.14949684237505845E-02
  7.04500000000000028E+01 -1.67289312432005802E-02 -1.42878570632641519E-02
  7.05500000000000114E+01 -1.42878570632640305E-02 -1.67289312432006877E-02
  7.06500000000000057E+01 -1.14949684237509800E-02 -1.87580836157899659E-02
  7.07500000000000000E+01 -8.41903551203221530E-03 -2.03253497152482074E-02
  7.08500000000000085E+01 -5.13579800483000230E-03 -2.13921382487488633E-02
  7.09500000000000028E+01 -1.72610010601281067E-03 -2.19321813421287960E-02
  7.10499999999999972E+01  1.72610010601223019E-03 -2.19321813421288411E-02
  7.11500000000000057E+01  5.13579800483004393E-03 -2.13921382487488529E-02
  7.12500000000000000E+01  8.41903551203196723E-03 -2.03253497152483080E-02
  7.13500000000000085E+01  1.14949684237507510E-02 -1.87580836157901013E-02
  7.14500000000000028E+01  1.42878570632638240E-02 -1.67289312432008612E-02
  7.15500000000000114E+01  1.67289312432006114E-02 -1.42878570632641189E-02
  7.16500000000000057E+01  1.87580836157898966E-02 -1.14949684237510806E-02
  7.17500000000000000E+01  2.03253497152482802E-02 -8.41903551203203662E-03
  7.18500000000000085E+01  2.13921382487489084E-02 -5.13579800482981321E-03
  7.19500000000000028E+01  2.19321813421288099E-02 -1.72610010601261703E-03
  7.20499999999999972E+01  2.19321813421288238E-02  1.72610010601242383E-03
  7.21500000000000057E+01  2.13921382487489535E-02  5.13579800482962413E-03
  7.22500000000000142E+01  2.03253497152483566E-02  8.41903551203185621E-03
  7.23500000000000085E+01  1.87580836157900006E-02  1.14949684237509175E-02
  7.24500000000000028E+01  1.67289312432007363E-02  1.42878570632639732E-02
  7.25500000000000114E+01  1.42878570632639732E-02  1.67289312432007363E-02
  7.26500000000000057E+01  1.14949684237509175E-02  1.87580836157900006E-02
  7.27500000000000000E+01  8.41903551203214591E-03  2.03253497152482351E-02
  7.28499999999999943E+01  5.13579800483023301E-03  2.13921382487488078E-02
  7.29500000000000028E+01  1.72610010601242383E-03  2.19321813421288238E-02
  7.30500000000000114E+01 -1.72610010601261725E-03  2.19321813421288099E-02
  7.31500000000000057E+01 -5.13579800482981321E-03  2.13921382487489084E-02
  7.32500000000000142E+01 -8.41903551203203662E-03  2.03253497152482802E-02
  7.33500000000000085E+01 -1.14949684237508135E-02  1.87580836157900631E-02
  7.34500000000000028E+01 -1.42878570632638830E-02  1.67289312432008126E-02
  7.35499999999999972E+01 -1.67289312432004553E-02  1.42878570632642993E-02
  7.36500000000000057E+01 -1.87580836157901013E-02  1.14949684237507510E-02
  7.37500000000000000E+01 -2.03253497152483080E-02  8.41903551203196723E-03
  7.38500000000000085E+01 -2.13921382487488529E-02  5.13579800483004393E-03
  7.39500000000000028E+01 -2.19321813421287960E-02  1.72610010601285339E-03
  7.40500000000000114E+01 -2.19321813421288203E-02 -1.72610010601249885E-03
  7.41500000000000057E+01 -2.13921382487489362E-02 -5.13579800482969785E-03
  7.42500000000000000E+01 -2.03253497152484433E-02 -8.41903551203163937E-03
  7.43500000000000085E+01 -1.87580836157899659E-02 -1.14949684237509800E-02
  7.44500000000000028E+01 -1.67289312432006877E-02 -1.42878570632640305E-02
  7.45499999999999972E+01 -1.42878570632641519E-02 -1.67289312432005802E-02
  7.46500000000000057E+01 -1.14949684237511188E-02 -1.87580836157898757E-02
  7.47500000000000142E+01 -8.41903551203207652E-03 -2.03253497152482664E-02
  7.48500000000000085E+01 -5.13579800483015929E-03 -2.13921382487488251E-02
  7.49500000000000028E+01 -1.72610010601265997E-03 -2.19321813421288064E-02
  7.50500000000000114E+01  1.72610010601269249E-03 -2.19321813421288064E-02
  7.51500000000000057E+01  5.13579800482988607E-03 -2.13921382487488911E-02
  7.52500000000000000E+01  8.41903551203181805E-03 -2.03253497152483739E-02
  7.53499999999999943E+01  1.14949684237506140E-02 -1.87580836157901880E-02
  7.54500000000000028E+01  1.42878570632639385E-02 -1.67289312432007641E-02
  7.55500000000000114E+01  1.67289312432007085E-02 -1.42878570632640044E-02
  7.56500000000000057E+01  1.87580836157899798E-02 -1.14949684237509522E-02
  7.57500000000000142E+01  2.03253497152483392E-02 -8.41903551203189784E-03
  7.58500000000000085E+01  2.13921382487488702E-02 -5.13579800482997107E-03
  7.59500000000000028E+01  2.19321813421287995E-02 -1.72610010601277814E-03
  7.60499999999999972E+01  2.19321813421288411E-02  1.72610010601226250E-03
  7.61500000000000057E+01  2.13921382487488460E-02  5.13579800483007515E-03
  7.62500000000000000E+01  2.03253497152482976E-02  8.41903551203199499E-03
  7.63500000000000085E+01  1.87580836157900839E-02  1.14949684237507770E-02
  7.64500000000000171E+01  1.67289312432006357E-02  1.42878570632640877E-02
  7.65500000000000114E+01  1.42878570632640946E-02  1.67289312432006322E-02
  7.66500000000000057E+01  1.14949684237510546E-02  1.87580836157899139E-02
  7.67500000000000000E+01  8.41903551203229510E-03  2.03253497152481727E-02
  7.68500000000000085E+01  5.13579800482978199E-03  2.13921382487489153E-02
  7.69500000000000028E+01  1.72610010601258494E-03  2.19321813421288099E-02
  7.70499999999999972E+01 -1.72610010601245570E-03  2.19321813421288238E-02
  7.71500000000000057E+01 -5.13579800482965622E-03  2.13921382487489466E-02
  7.72500000000000142E+01 -8.41903551203188744E-03  2.03253497152483427E-02
  7.73500000000000085E+01 -1.14949684237506764E-02  1.87580836157901464E-02
  7.74500000000000028E+01 -1.42878570632637581E-02  1.67289312432009167E-02
  7.75500000000000114E+01 -1.67289312432007571E-02  1.42878570632639489E-02
  7.76500000000000057E+01 -1.87580836157900180E-02  1.14949684237508881E-02
  7.77500000000000000E+01 -2.03253497152482490E-02  8.41903551203211642E-03
  7.78499999999999943E+01 -2.13921382487488147E-02  5.13579800483020005E-03
  7.79500000000000028E+01 -2.19321813421288030E-02  1.72610010601270312E-03
  7.80500000000000114E+01 -2.19321813421288307E-02 -1.72610010601233752E-03
  7.81500000000000057E+01 -2.13921382487489049E-02 -5.13579800482984530E-03
  7.82500000000000142E+01 -2.03253497152482698E-02 -8.41903551203206611E-03
  7.83500000000000085E+01 -1.87580836157900423E-02 -1.14949684237508429E-02
  7.84500000000000028E+01 -1.67289312432007918E-02 -1.42878570632639073E-02
  7.85499999999999972E+01 -1.42878570632642768E-02 -1.67289312432004761E-02
  7.86500000000000057E+01 -1.14949684237509904E-02 -1.87580836157899555E-02
  7.87500000000000000E+01 -8.41903551203193601E-03 -2.03253497152483184E-02
  7.88500000000000085E+01 -5.13579800483001270E-03 -2.13921382487488633E-02
  7.89500000000000171E+01 -1.72610010601250948E-03 -2.19321813421288203E-02
  7.90500000000000114E+01  1.72610010601253138E-03 -2.19321813421288203E-02
  7.91500000000000057E+01  5.13579800482972908E-03 -2.13921382487489292E-02
  7.92500000000000000E+01  8.41903551203166713E-03 -2.03253497152484294E-02
  7.93500000000000085E+01  1.14949684237510060E-02 -1.87580836157899451E-02
  7.94500000000000028E+01  1.42878570632640547E-02 -1.67289312432006669E-02
  7.95499999999999972E+01  1.67289312432006045E-02 -1.42878570632641276E-02
  7.96500000000000057E+01  1.87580836157900561E-02 -1.14949684237508239E-02
  7.97500000000000142E+01  2.03253497152482768E-02 -8.41903551203204703E-03
  7.98500000000000085E+01  2.13921382487488321E-02 -5.13579800483012806E-03
  7.99500000000000028E+01  2.19321813421287856E-02 -1.72610010601293947E-03
  8.00500000000000114E+01  2.19321813421288030E-02  1.72610010601272480E-03
  8.01500000000000057E+01  2.13921382487488841E-02  5.13579800482991816E-03
  8.02500000000000000E+01  2.03253497152483600E-02  8.41903551203184754E-03
  8.03499999999999943E+01  1.87580836157901672E-02  1.14949684237506400E-02
  8.04500000000000028E+01  1.67289312432007432E-02  1.42878570632639628E-02
  8.05500000000000114E+01  1.42878570632642161E-02  1.67289312432005247E-02
  8.06500000000000057E+01  1.14949684237511934E-02  1.87580836157898306E-02
  8.07500000000000142E+01  8.41903551203186662E-03  2.03253497152483496E-02
  8.08500000000000085E+01  5.13579800482993898E-03  2.13921382487488772E-02
  8.09500000000000028E+01  1.72610010601274605E-03  2.19321813421287995E-02
  8.10499999999999972E+01 -1.72610010601229459E-03  2.19321813421288377E-02
  8.11500000000000057E+01 -5.13579800482980280E-03  2.13921382487489119E-02
  8.12500000000000000E+01 -8.41903551203173652E-03  2.03253497152484017E-02
  8.13500000000000085E+01 -1.14949684237508065E-02  1.87580836157900700E-02
  8.14500000000000171E+01 -1.42878570632641120E-02  1.67289312432006183E-02
  8.15500000000000114E+01 -1.67289312432004483E-02  1.42878570632643080E-02
  8.16500000000000057E+01 -1.87580836157900978E-02  1.14949684237507597E-02
  8.17500000000000000E+01 -2.03253497152483080E-02  8.41903551203197764E-03
  8.18500000000000085E+01 -2.13921382487488494E-02  5.13579800483005434E-03
  8.19500000000000028E+01 -2.19321813421287891E-02  1.72610010601286445E-03
  8.20499999999999972E+01 -2.19321813421288446E-02 -1.72610010601217641E-03
  8.21500000000000057E+01 -2.13921382487488668E-02 -5.13579800482999189E-03
  8.22500000000000142E+01 -2.03253497152483323E-02 -8.41903551203191693E-03
  8.23500000000000085E+01 -1.87580836157901290E-02 -1.14949684237507024E-02
  8.24500000000000028E+01 -1.67289312432008959E-02 -1.42878570632637824E-02
  8.25500000000000114E+01 -1.42878570632639212E-02 -1.67289312432007779E-02
  8.26500000000000057E+01 -1.14949684237508603E-02 -1.87580836157900353E-02
  8.27500000000000000E+01 -8.41903551203208693E-03 -2.03253497152482594E-02
  8.28500000000000085E+01 -5.13579800482956168E-03 -2.13921382487489674E-02
  8.29500000000000028E+01 -1.72610010601235899E-03 -2.19321813421288307E-02
  8.30500000000000114E+01  1.72610010601268165E-03 -2.19321813421288064E-02
  8.31500000000000057E+01  5.13579800482987566E-03 -2.13921382487488945E-02
  8.32500000000000142E+01  8.41903551203180764E-03 -2.03253497152483739E-02
  8.33500000000000085E+01  1.14949684237506036E-02 -1.87580836157901915E-02
  8.34500000000000028E+01  1.42878570632636957E-02 -1.67289312432009722E-02
  8.35499999999999972E+01  1.67289312432002957E-02 -1.42878570632644884E-02
  8.36500000000000057E+01  1.87580836157899729E-02 -1.14949684237509626E-02
  8.37500000000000000E+01  2.03253497152482143E-02 -8.41903551203219448E-03
  8.38500000000000085E+01  2.13921382487487939E-02 -5.13579800483028419E-03
  8.39500000000000171E+01  2.19321813421288238E-02 -1.72610010601247760E-03
  8.40500000000000114E+01  2.19321813421288168E-02  1.72610010601256347E-03
  8.41500000000000057E+01  2.13921382487489188E-02  5.13579800482976030E-03
  8.42500000000000000E+01  2.03253497152484225E-02  8.41903551203169835E-03
  8.43500000000000085E+01  1.87580836157899278E-02  1.14949684237510355E-02
  8.44500000000000028E+01  1.67289312432006461E-02  1.42878570632640773E-02
  8.45499999999999972E+01  1.42878570632641016E-02  1.67289312432006253E-02
  8.46500000000000057E+01  1.14949684237510615E-02  1.87580836157899104E-02
  8.47500000000000142E+01  8.41903551203230550E-03  2.03253497152481692E-02
  8.48500000000000085E+01  5.13579800482979239E-03  2.13921382487489119E-02
  8.49500000000000028E+01  1.72610010601259556E-03  2.19321813421288099E-02
  8.50500000000000114E+01 -1.72610010601244508E-03  2.19321813421288238E-02
  8.51500000000000057E+01 -5.13579800482964581E-03  2.13921382487489500E-02
  8.52500000000000000E+01 -8.41903551203158906E-03  2.03253497152484676E-02
  8.53500000000000085E+01 -1.14949684237509332E-02  1.87580836157899902E-02
  8.54500000000000028E+01 -1.42878570632639888E-02  1.67289312432007224E-02
  8.55500000000000114E+01 -1.67289312432005489E-02  1.42878570632641935E-02
  8.56500000000000057E+01 -1.87580836157898480E-02  1.14949684237511639E-02
  8.57500000000000142E+01 -2.03253497152483600E-02  8.41903551203183713E-03
  8.58500000000000085E+01 -2.13921382487488841E-02  5.13579800482990775E-03
  8.59500000000000028E+01 -2.19321813421288030E-02  1.72610010601271374E-03
  8.60500000000000114E+01 -2.19321813421287821E-02 -1.72610010601295031E-03
  8.61500000000000057E+01 -2.13921382487488286E-02 -5.13579800483013847E-03
  8.62500000000000000E+01 -2.03253497152482733E-02 -8.41903551203205570E-03
  8.63500000000000085E+01 -1.87580836157900527E-02 -1.14949684237508343E-02
  8.64500000000000028E+01 -1.67289312432007987E-02 -1.42878570632638969E-02
  8.65500000000000114E+01 -1.42878570632642837E-02 -1.67289312432004726E-02
  8.66500000000000057E+01 -1.14949684237512662E-02 -1.87580836157897855E-02
  8.67500000000000000E+01 -8.41903551203252408E-03 -2.03253497152480790E-02
  8.68500000000000085E+01 -5.13579800483002311E-03 -2.13921382487488564E-02
  8.69500000000000028E+01 -1.72610010601283192E-03 -2.19321813421287960E-02
  8.70499999999999972E+01  1.72610010601220894E-03 -2.19321813421288411E-02
  8.71500000000000057E+01  5.13579800483002311E-03 -2.13921382487488564E-02
  8.72500000000000000E+01  8.41903551203194642E-03 -2.03253497152483184E-02
  8.73500000000000085E+01  1.14949684237507302E-02 -1.87580836157901151E-02
  8.74500000000000028E+01  1.42878570632638102E-02 -1.67289312432008751E-02
  8.75500000000000114E+01  1.67289312432007987E-02 -1.42878570632638969E-02
  8.76500000000000057E+01  1.87580836157900527E-02 -1.14949684237508343E-02
  8.77500000000000000E+01  2.03253497152482733E-02 -8.41903551203205570E-03
  8.78500000000000085E+01  2.13921382487488286E-02 -5.13579800483013847E-03
  8.79500000000000028E+01  2.19321813421287821E-02 -1.72610010601295031E-03
  8.80499999999999972E+01  2.19321813421288030E-02  1.72610010601271374E-03
  8.81500000000000057E+01  2.13921382487488841E-02  5.13579800482990775E-03
  8.82500000000000142E+01  2.03253497152483600E-02  8.41903551203183713E-03
  8.83500000000000085E+01  1.87580836157901776E-02  1.14949684237506296E-02
  8.84500000000000028E+01  1.67289312432009514E-02  1.42878570632637182E-02
  8.85500000000000114E+01  1.42878570632639888E-02  1.67289312432007224E-02
  8.86500000000000057E+01  1.14949684237509332E-02  1.87580836157899902E-02
  8.87500000000000000E+01  8.41903551203216673E-03  2.03253497152482282E-02
  8.88499999999999943E+01  5.13579800483025383E-03  2.13921382487488008E-02
  8.89500000000000028E+01  1.72610010601244508E-03  2.19321813421288238E-02
  8.90500000000000114E+01 -1.72610010601259556E-03  2.19321813421288099E-02
  8.91500000000000057E+01 -5.13579800482979239E-03  2.13921382487489119E-02
  8.92500000000000142E+01 -8.41903551203230550E-03  2.03253497152481692E-02
  8.93500000000000085E+01 -1.14949684237510615E-02  1.87580836157899104E-02
  8.94500000000000028E+01 -1.42878570632641016E-02  1.67289312432006253E-02
  8.95499999999999972E+01 -1.67289312432006461E-02  1.42878570632640773E-02
  8.96500000000000057E+01 -1.87580836157899278E-02  1.14949684237510355E-02
  8.97500000000000000E+01 -2.03253497152481831E-02  8.41903551203227601E-03
  8.98500000000000085E+01 -2.13921382487487731E-02  5.13579800483036832E-03
  8.99500000000000028E+01 -2.19321813421287648E-02  1.72610010601318645E-03
  9.00500000000000114E+01 -2.19321813421288238E-02 -1.72610010601247760E-03
  9.01500000000000057E+01 -2.13921382487489396E-02 -5.13579800482967704E-03
  9.02500000000000000E+01 -2.03253497152484572E-02 -8.41903551203161855E-03
  9.03500000000000085E+01 -1.87580836157899729E-02 -1.14949684237509626E-02
  9.04500000000000028E+01 -1.67289312432007016E-02 -1.42878570632640131E-02
  9.05499999999999972E+01 -1.42878570632641692E-02 -1.67289312432005698E-02
  9.06500000000000057E+01 -1.14949684237511379E-02 -1.87580836157898688E-02
  9.07500000000000142E+01 -8.41903551203180764E-03 -2.03253497152483739E-02
  9.08500000000000085E+01 -5.13579800482987566E-03 -2.13921382487488945E-02
  9.09500000000000028E+01 -1.72610010601268143E-03 -2.19321813421288064E-02
  9.10500000000000114E+01  1.72610010601235921E-03 -2.19321813421288307E-02
  9.11500000000000057E+01  5.13579800482956168E-03 -2.13921382487489674E-02
  9.12500000000000000E+01  8.41903551203208693E-03 -2.03253497152482594E-02
  9.13499999999999943E+01  1.14949684237508603E-02 -1.87580836157900353E-02
  9.14500000000000028E+01  1.42878570632639246E-02 -1.67289312432007779E-02
  9.15500000000000114E+01  1.67289312432004900E-02 -1.42878570632642577E-02
  9.16500000000000057E+01  1.87580836157898029E-02 -1.14949684237512367E-02
  9.17500000000000142E+01  2.03253497152483323E-02 -8.41903551203191693E-03
  9.18500000000000085E+01  2.13921382487488668E-02 -5.13579800482999189E-03
  9.19500000000000028E+01  2.19321813421287960E-02 -1.72610010601279983E-03
  9.20499999999999972E+01  2.19321813421288411E-02  1.72610010601224081E-03
  9.21500000000000057E+01  2.13921382487488494E-02  5.13579800483005434E-03
  9.22500000000000000E+01  2.03253497152483080E-02  8.41903551203197764E-03
  9.23500000000000085E+01  1.87580836157900978E-02  1.14949684237507597E-02
  9.24500000000000171E+01  1.67289312432004483E-02  1.42878570632643080E-02
  9.25500000000000114E+01  1.42878570632638726E-02  1.67289312432008196E-02
  9.26500000000000057E+01  1.14949684237508065E-02  1.87580836157900700E-02
  9.27500000000000000E+01  8.41903551203202621E-03  2.03253497152482872E-02
  9.28500000000000085E+01  5.13579800483010725E-03  2.13921382487488355E-02
  9.29500000000000028E+01  1.72610010601291822E-03  2.19321813421287856E-02
  9.30499999999999972E+01 -1.72610010601212263E-03  2.19321813421288481E-02
  9.31500000000000057E+01 -5.13579800482933096E-03  2.13921382487490229E-02
  9.32500000000000142E+01 -8.41903551203186662E-03  2.03253497152483496E-02
  9.33500000000000085E+01 -1.14949684237506573E-02  1.87580836157901602E-02
  9.34500000000000028E+01 -1.42878570632637425E-02  1.67289312432009306E-02
  9.35500000000000114E+01 -1.67289312432007432E-02  1.42878570632639628E-02
  9.36500000000000057E+01 -1.87580836157900076E-02  1.14949684237509071E-02
  9.37500000000000000E+01 -2.03253497152482386E-02  8.41903551203213550E-03
  9.38499999999999943E+01 -2.13921382487488113E-02  5.13579800483022261E-03
  9.39500000000000028E+01 -2.19321813421288273E-02  1.72610010601241255E-03
  9.40500000000000114E+01 -2.19321813421288099E-02 -1.72610010601262787E-03
  9.41500000000000057E+01 -2.13921382487489084E-02 -5.13579800482982362E-03
  9.42500000000000142E+01 -2.03253497152483982E-02 -8.41903551203175733E-03
  9.43500000000000085E+01 -1.87580836157902227E-02 -1.14949684237505567E-02
  9.44500000000000028E+01 -1.67289312432006045E-02 -1.42878570632641276E-02
  9.45499999999999972E+01 -1.42878570632640547E-02 -1.67289312432006669E-02
  9.46500000000000057E+01 -1.14949684237510060E-02 -1.87580836157899451E-02
  9.47500000000000000E+01 -8.41903551203224479E-03 -2.03253497152481935E-02
  9.48500000000000085E+01 -5.13579800483033796E-03 -2.13921382487487835E-02
  9.49500000000000171E+01 -1.72610010601253138E-03 -2.19321813421288203E-02
  9.50500000000000114E+01  1.72610010601250970E-03 -2.19321813421288203E-02
  9.51500000000000057E+01  5.13579800482970826E-03 -2.13921382487489327E-02
  9.52500000000000000E+01  8.41903551203164804E-03 -2.03253497152484398E-02
  9.53500000000000085E+01  1.14949684237509904E-02 -1.87580836157899555E-02
  9.54500000000000028E+01  1.42878570632640357E-02 -1.67289312432006773E-02
  9.55499999999999972E+01  1.67289312432005906E-02 -1.42878570632641432E-02
  9.56500000000000057E+01  1.87580836157902088E-02 -1.14949684237505741E-02
  9.57500000000000142E+01  2.03253497152483913E-02 -8.41903551203177815E-03
  9.58500000000000085E+01  2.13921382487489049E-02 -5.13579800482984530E-03
  9.59500000000000028E+01  2.19321813421288064E-02 -1.72610010601264934E-03
  9.60500000000000114E+01  2.19321813421288273E-02  1.72610010601239130E-03
  9.61500000000000057E+01  2.13921382487489604E-02  5.13579800482959290E-03
  9.62500000000000000E+01  2.03253497152484849E-02  8.41903551203153702E-03
  9.63499999999999943E+01  1.87580836157903476E-02  1.14949684237503538E-02
  9.64500000000000028E+01  1.67289312432007571E-02  1.42878570632639489E-02
  9.65500000000000114E+01  1.42878570632642352E-02  1.67289312432005108E-02
  9.66500000000000057E+01  1.14949684237512090E-02  1.87580836157898202E-02
  9.67500000000000142E+01  8.41903551203188744E-03  2.03253497152483427E-02
  9.68500000000000085E+01  5.13579800482995980E-03  2.13921382487488702E-02
  9.69500000000000028E+01  1.72610010601276752E-03  2.19321813421287995E-02
  9.70499999999999972E+01 -1.72610010601227312E-03  2.19321813421288377E-02
  9.71500000000000057E+01 -5.13579800483008643E-03  2.13921382487488425E-02
  9.72500000000000000E+01 -8.41903551203200540E-03  2.03253497152482941E-02
  9.73500000000000085E+01 -1.14949684237507857E-02  1.87580836157900804E-02
  9.74500000000000171E+01 -1.42878570632638570E-02  1.67289312432008334E-02
  9.75500000000000114E+01 -1.67289312432004345E-02  1.42878570632643254E-02
  9.76500000000000057E+01 -1.87580836157900839E-02  1.14949684237507770E-02
  9.77500000000000000E+01 -2.03253497152482976E-02  8.41903551203199499E-03
  9.78500000000000085E+01 -2.13921382487488460E-02  5.13579800483007515E-03
  9.79500000000000028E+01 -2.19321813421287891E-02  1.72610010601288570E-03
  9.80499999999999972E+01 -2.19321813421288481E-02 -1.72610010601215516E-03
  9.81500000000000057E+01 -2.13921382487488702E-02 -5.13579800482997107E-03
  9.82500000000000142E+01 -2.03253497152483392E-02 -8.41903551203189784E-03
  9.83500000000000085E+01 -1.87580836157901429E-02 -1.14949684237506868E-02
  9.84500000000000028E+01 -1.67289312432009098E-02 -1.42878570632637685E-02
  9.85500000000000114E+01 -1.42878570632639385E-02 -1.67289312432007641E-02
  9.86500000000000057E+01 -1.14949684237508794E-02 -1.87580836157900215E-02
  9.87500000000000000E+01 -8.41903551203210601E-03 -2.03253497152482525E-02
  9.88500000000000085E+01 -5.13579800482958249E-03 -2.13921382487489604E-02
  9.89500000000000028E+01 -1.72610010601238067E-03 -2.19321813421288273E-02
  9.90500000000000114E+01  1.72610010601265997E-03 -2.19321813421288064E-02
  9.91500000000000057E+01  5.13579800482985484E-03 -2.13921382487488980E-02
  9.92500000000000142E+01  8.41903551203178682E-03 -2.03253497152483843E-02
  9.93500000000000085E+01  1.14949684237505845E-02 -1.87580836157902053E-02
  9.94500000000000028E+01  1.42878570632636766E-02 -1.67289312432009896E-02
  9.95499999999999972E+01  1.67289312432002783E-02 -1.42878570632645058E-02
  9.96500000000000057E+01  1.87580836157899659E-02 -1.14949684237509800E-02
  9.97500000000000000E+01  2.03253497152482074E-02 -8.41903551203221530E-03
  9.98500000000000085E+01  2.13921382487487904E-02 -5.13579800483030501E-03
  9.99500000000000171E+01  2.19321813421288203E-02 -1.72610010601249885E-03
  1.00050000000000011E+02  2.19321813421288203E-02  1.72610010601254200E-03
  1.00150000000000006E+02  2.13921382487489257E-02  5.13579800482973949E-03
  1.00250000000000000E+02  2.03253497152484260E-02  8.41903551203167753E-03
  1.00350000000000009E+02  1.87580836157899382E-02  1.14949684237510164E-02
  1.00450000000000003E+02  1.67289312432006600E-02  1.42878570632640634E-02
  1.00549999999999997E+02  1.42878570632641189E-02  1.67289312432006114E-02
  1.00650000000000006E+02  1.14949684237510806E-02  1.87580836157898966E-02
  1.00750000000000014E+02  8.41903551203232459E-03  2.03253497152481623E-02
  1.00850000000000009E+02  5.13579800482981321E-03  2.13921382487489084E-02
  1.00950000000000003E+02  1.72610010601261703E-03  2.19321813421288099E-02
  1.01050000000000011E+02 -1.72610010601242383E-03  2.19321813421288238E-02
  1.01150000000000006E+02 -5.13579800482962413E-03  2.13921382487489535E-02
  1.01250000000000000E+02 -8.41903551203156825E-03  2.03253497152484711E-02
  1.01350000000000009E+02 -1.14949684237509175E-02  1.87580836157900006E-02
  1.01450000000000003E+02 -1.42878570632639732E-02  1.67289312432007363E-02
  1.01550000000000011E+02 -1.67289312432005316E-02  1.42878570632642109E-02
  1.01650000000000006E+02 -1.87580836157898410E-02  1.14949684237511830E-02
  1.01750000000000014E+02 -2.03253497152483566E-02  8.41903551203185621E-03
  1.01850000000000009E+02 -2.13921382487488772E-02  5.13579800482992857E-03
  1.01950000000000003E+02 -2.19321813421287995E-02  1.72610010601273499E-03
  1.02050000000000011E+02 -2.19321813421287856E-02 -1.72610010601292885E-03
  1.02150000000000006E+02 -2.13921382487488355E-02 -5.13579800483011766E-03
  1.02250000000000000E+02 -2.03253497152482802E-02 -8.41903551203203662E-03
  1.02350000000000009E+02 -1.87580836157900631E-02 -1.14949684237508135E-02
  1.02450000000000017E+02 -1.67289312432008126E-02 -1.42878570632638830E-02
  1.02550000000000011E+02 -1.42878570632642993E-02 -1.67289312432004553E-02
  1.02650000000000006E+02 -1.14949684237512818E-02 -1.87580836157897786E-02
  1.02750000000000000E+02 -8.41903551203254490E-03 -2.03253497152480686E-02
  1.02850000000000009E+02 -5.13579800483004393E-03 -2.13921382487488529E-02
  1.02950000000000003E+02 -1.72610010601285339E-03 -2.19321813421287960E-02
  1.03049999999999997E+02  1.72599363366894533E-03 -2.19308284827368777E-02
  1.03150000000000006E+02  5.13294731585228845E-03 -2.13802642746053935E-02
  1.03250000000000014E+02  8.40605897364565813E-03 -2.02940215802835389E-02
  1.03350000000000009E+02  1.14602591105745465E-02 -1.87014431645245172E-02
  1.03450000000000003E+02  1.42165867869837835E-02 -1.66454844711417180E-02
  1.03550000000000011E+02  1.66043787137399278E-02 -1.41814791535257775E-02
  1.03650000000000006E+02  1.85632134879610278E-02 -1.13755518558323020E-02
  1.03750000000000000E+02  2.00445541999595862E-02 -8.30272620134596233E-03
  1.03850000000000009E+02  2.10130419466271548E-02 -5.04478503504492398E-03
  1.03950000000000003E+02  2.14474035341128688E-02 -1.68794726509141364E-03
  1.04050000000000011E+02  2.13409484985337544E-02  1.67956907209098629E-03
  1.04150000000000006E+02  2.07016431401141690E-02  4.97002479599797410E-03
  1.04250000000000014E+02  1.95517621541502241E-02  8.09860505254184591E-03
  1.04349999999999994E+02  1.79271312433115296E-02  1.09857601549889633E-02
  1.04450000000000003E+02  1.58759864062993847E-02  1.35593733523003031E-02
  1.04550000000000011E+02  1.34574870316983494E-02  1.57566928520291999E-02
  1.04649999999999991E+02  1.07399301270469736E-02  1.75259730974656365E-02
  1.04750000000000000E+02  7.79872166735712680E-03  1.88277796185059368E-02
  1.04850000000000009E+02  4.71416789188338660E-03  1.96359224362305136E-02
  1.04950000000000003E+02  1.56915420999750258E-03  1.99379946548529190E-02
  1.05050000000000011E+02 -1.55321793990188545E-03  1.97355051442930189E-02
  1.05150000000000020E+02 -4.57196546687322312E-03  1.90436067080289387E-02
  1.05250000000000000E+02 -7.41046016998957169E-03  1.78904334458151182E-02
  1.05350000000000009E+02 -9.99850225287728621E-03  1.63160727701184699E-02
  1.05450000000000017E+02 -1.22741714795377623E-02  1.43712083512076080E-02
  1.05549999999999997E+02 -1.41854042843284726E-02  1.21154798147357409E-02
  1.05650000000000006E+02 -1.56912543093395869E-02  9.61561300766760815E-03
  1.05750000000000000E+02 -1.67628042097223082E-02  6.94338084707210243E-03
  1.05850000000000009E+02 -1.73837077960485586E-02  4.17345899588708168E-03
  1.05950000000000017E+02 -1.75503533027289646E-02  1.38124276029984627E-03
  1.06049999999999997E+02 -1.72716504013093151E-02 -1.35930836626055014E-03
  1.06150000000000006E+02 -1.65684551365413608E-02 -3.97773414905520928E-03
  1.06250000000000014E+02 -1.54726578844075532E-02 -6.40898474168078835E-03
  1.06349999999999994E+02 -1.40259693732067928E-02 -8.59512508632719226E-03
  1.06450000000000003E+02 -1.22784484663047699E-02 -1.04867856825293752E-02
  1.06550000000000011E+02 -1.02868225193479441E-02 -1.20443216834557176E-02
  1.06650000000000006E+02 -8.11265649091855862E-03 -1.32386521818013310E-02
  1.06750000000000014E+02 -5.82043045948987120E-03 -1.40517621541502019E-02
  1.06850000000000023E+02 -3.47558670113447439E-03 -1.44768604871648044E-02
  1.06950000000000003E+02 -1.14260699795194613E-03 -1.45181984489624102E-02
  1.07050000000000011E+02  1.11682157128385924E-03 -1.41905635385111226E-02
  1.07149999999999991E+02  3.24549834418500329E-03 -1.35184735068636756E-02
  1.07250000000000000E+02  5.19221016022709467E-03 -1.25351041875114734E-02
  1.07350000000000009E+02  6.91300099030588665E-03 -1.12809923291536940E-02
  1.07450000000000003E+02  8.37217773653585982E-03 -9.80256067024022799E-03
  1.07550000000000011E+02  9.54302913218327623E-03 -8.15051686261315800E-03
  1.07650000000000020E+02  1.04082444993785165E-02 -6.37818043237215263E-03
  1.07750000000000000E+02  1.09600291371293578E-02 -4.53979271260361150E-03
  1.07850000000000009E+02  1.11999229773687026E-02 -2.68886361019960883E-03
  1.07950000000000017E+02  1.11383385369049990E-02 -8.76606254044647233E-04
  1.08049999999999997E+02  1.07938428052238387E-02  8.49493851967560946E-04
  1.08150000000000006E+02  1.01922152713801485E-02  2.44693439463041168E-03
  1.08250000000000000E+02  9.36532057811901089E-03  3.87924279942840821E-03
  1.08350000000000009E+02  8.34983911641159690E-03  5.11678799137857757E-03
  1.08450000000000017E+02  7.18590211101719206E-03  6.13734020065112400E-03
  1.08549999999999997E+02  5.91567932672828426E-03  6.92637057296045626E-03
  1.08650000000000006E+02  4.58196743344494502E-03  7.47709128663634915E-03
  1.08750000000000014E+02  3.22682535180496104E-03  7.79024552773679296E-03
  1.08849999999999994E+02  1.89029966064476959E-03  7.87366474188531257E-03
  1.08950000000000003E+02  6.09278534728690570E-04  7.74161780361768900E-03
  1.09050000000000011E+02 -5.83493108060763712E-04  7.41398289316638672E-03
  1.09150000000000006E+02 -1.66021130369523018E-03  6.91527776158412048E-03
  1.09250000000000014E+02 -2.59860505254195769E-03  6.27358756109815466E-03
  1.09350000000000023E+02 -3.38231193283260092E-03  5.51943143398851872E-03
  1.09450000000000003E+02 -4.00103454391576713E-03  4.68460955974523471E-03
  1.09550000000000011E+02 -4.45048277689594988E-03  3.80107138073461836E-03
  1.09649999999999991E+02 -4.73211424258341163E-03  2.89984333742351452E-03
  1.09750000000000000E+02 -4.85269183084066722E-03  2.01005077035138055E-03
  1.09850000000000009E+02 -4.82368311220757878E-03  1.15806385577444000E-03
  1.09950000000000003E+02 -4.66053094081959277E-03  3.66791739751547012E-04
  1.10050000000000011E+02 -4.38182803939984704E-03 -3.44857345712742947E-04
  1.10150000000000020E+02 -4.00843045270023440E-03 -9.62339008943197192E-04
  1.10250000000000000E+02 -3.56254550552595863E-03 -1.47565466496011742E-03
  1.10350000000000009E+02 -3.06682930645037471E-03 -1.87935541608335514E-03
  1.10450000000000017E+02 -2.54352695887215177E-03 -2.17237724852835335E-03
  1.10549999999999997E+02 -2.01368558372631888E-03 -2.35772289199302635E-03
  1.10650000000000006E+02 -1.49646617087375385E-03 -2.44201084567145050E-03
  1.10750000000000000E+02 -1.00857534204222142E-03 -2.43491626943331558E-03
  1.10850000000000009E+02 -5.63832537956612855E-04 -2.34853154071996322E-03
  1.10950000000000017E+02 -1.72882166110686339E-04 -2.19667619783579056E-03
  1.11049999999999997E+02  1.56945896015479094E-04 -1.99418668727590438E-03
  1.11150000000000006E+02  4.21630112946281221E-04 -1.75621581251842514E-03
  1.11250000000000014E+02  6.20313844675059764E-04 -1.49757009674227884E-03
  1.11349999999999994E+02  7.55038296704461974E-04 -1.23211051832408831E-03
  1.11450000000000003E+02  8.30370031565653825E-04 -9.72238391171503335E-04
  1.11550000000000011E+02  8.52944836901562819E-04 -7.28483710963422179E-04
  1.11650000000000006E+02  8.30952372478670881E-04 -5.09208268761691322E-04
  1.11750000000000014E+02  7.73587561098145219E-04 -3.20430459489969152E-04
  1.11850000000000023E+02  6.90495108634714785E-04 -1.65773208831910423E-04
  1.11950000000000003E+02  5.91232843595047137E-04 -4.65310339217051179E-05
  1.12050000000000011E+02  4.84777808015912518E-04  3.81528409215446478E-05
  1.12149999999999991E+02  3.79096302121681992E-04  9.10129697852276833E-05
  1.12250000000000000E+02  2.80795515288691840E-04  1.16309310686110560E-04
  1.12350000000000009E+02  1.94870127829008645E-04  1.19416567918545738E-04
  1.12450000000000003E+02  1.24552529460865582E-04  1.06377909738137187E-04
  1.12550000000000011E+02  7.12702762800132447E-05  8.34467720591721551E-05
  1.12650000000000020E+02  3.47093131761655791E-05  5.66404512656085396E-05
  1.12750000000000000E+02  1.29765383862710381E-05  3.13281349647883913E-05
  1.12850000000000009E+02  2.85068897771324474E-06  1.18739741434681103E-05
  1.12950000000000017E+02  1.06472343242017790E-07  1.35285939197367895E-06
